# Sample: 22
# Sobel 3x3: L1=331us L2=755us (2.28x)
# Mean=2.7 Var=148.8 Std=12.2 Min=0 Max=79
# Edge=0.139 Asp=1.40 BBox=10x14
# Quant SNR: 16b=85.9dB 8b=999.0dB 4b=19.5dB 1b=0.0dB
0,0,0,0,0,0,0,0,0,0,0,0,0,0,0,0,0,0,0,0,0,0,0,0,0,0,0,0
0,0,0,0,0,0,0,0,0,0,0,0,0,0,0,0,0,0,0,0,0,0,0,0,0,0,0,0
0,0,0,0,0,0,0,0,0,0,0,0,0,0,0,0,0,0,0,0,0,0,0,0,0,0,0,0
0,0,0,0,0,0,0,0,0,0,0,0,0,0,0,0,0,0,0,0,0,0,0,0,0,0,0,0
0,0,0,0,0,0,0,0,0,0,0,0,0,0,0,0,0,0,0,0,0,0,0,0,0,0,0,0
0,0,0,0,0,0,0,0,0,0,0,0,0,0,0,0,0,0,0,0,0,0,0,0,0,0,0,0
0,0,0,0,0,0,0,0,0,0,0,0,0,0,0,0,0,0,0,0,0,0,0,0,0,0,0,0
0,0,0,0,0,0,0,0,0,0,0,3,79,66,63,63,73,3,0,0,0,0,0,0,0,0,0,0
0,0,0,0,0,0,0,0,0,0,0,73,2,0,0,0,2,65,0,0,0,0,0,0,0,0,0,0
0,0,0,0,0,0,0,0,0,0,60,9,0,0,0,0,0,57,0,0,0,0,0,0,0,0,0,0
0,0,0,0,0,0,0,0,0,5,59,0,0,0,0,0,0,53,0,0,0,0,0,0,0,0,0,0
0,0,0,0,0,0,0,0,0,60,3,0,0,0,0,0,0,57,0,0,0,0,0,0,0,0,0,0
0,0,0,0,0,0,0,0,0,59,0,0,0,0,0,0,0,56,0,0,0,0,0,0,0,0,0,0
0,0,0,0,0,0,0,0,0,56,0,0,0,0,0,0,8,51,0,0,0,0,0,0,0,0,0,0
0,0,0,0,0,0,0,0,38,19,0,0,0,0,0,0,57,6,0,0,0,0,0,0,0,0,0,0
0,0,0,0,0,0,0,0,53,0,0,0,0,0,0,0,62,0,0,0,0,0,0,0,0,0,0,0
0,0,0,0,0,0,0,0,51,0,0,0,0,0,0,51,19,0,0,0,0,0,0,0,0,0,0,0
0,0,0,0,0,0,0,0,42,17,0,0,0,0,8,62,0,0,0,0,0,0,0,0,0,0,0,0
0,0,0,0,0,0,0,0,0,60,0,0,0,0,73,0,0,0,0,0,0,0,0,0,0,0,0,0
0,0,0,0,0,0,0,0,0,65,5,0,0,56,22,0,0,0,0,0,0,0,0,0,0,0,0,0
0,0,0,0,0,0,0,0,0,2,76,59,73,22,0,0,0,0,0,0,0,0,0,0,0,0,0,0
0,0,0,0,0,0,0,0,0,0,0,0,0,0,0,0,0,0,0,0,0,0,0,0,0,0,0,0
0,0,0,0,0,0,0,0,0,0,0,0,0,0,0,0,0,0,0,0,0,0,0,0,0,0,0,0
0,0,0,0,0,0,0,0,0,0,0,0,0,0,0,0,0,0,0,0,0,0,0,0,0,0,0,0
0,0,0,0,0,0,0,0,0,0,0,0,0,0,0,0,0,0,0,0,0,0,0,0,0,0,0,0
0,0,0,0,0,0,0,0,0,0,0,0,0,0,0,0,0,0,0,0,0,0,0,0,0,0,0,0
0,0,0,0,0,0,0,0,0,0,0,0,0,0,0,0,0,0,0,0,0,0,0,0,0,0,0,0
0,0,0,0,0,0,0,0,0,0,0,0,0,0,0,0,0,0,0,0,0,0,0,0,0,0,0,0
