0000000000000000000000000000000000000000000000000000000000000000000000000000000000000000000000000000000000000000000000000000000000000000000000000000000000000000000000000000000000000000000000000000000000000000000000000000000000000000000000000000000000000000000000000000000000000000
0000000000000000000000000000000000000000000000000000000000000000000000000000000000000000000000000000000000000000000000000000000000000000000000000000000000000000000000000000000000000000000000000000000000000000000000000000000000000000000000000000000000000000000000000000000000000000
0000000000000000000000000000000000000000000000000000000000000000000000000000000000000000000000000000000000000000000000000000000000000000000000000000000000000000000000000000000000000000000000000000000000000000000000000000000000000000000000000000000000000000000000000000000000000000
0000000000000000000000000000000000000000000000000000000000000000000000000000000000000000000000000000000000000000000001100000000000000000000000000000000000000000000000000000000000000000000000000000000000000000000000000000000000000000000000000000000000000000000000000000000000000000
0000000000000000000000000000000000000000000000000000000000000000000000000000000000000000000000000000000000000000000001100000000110000000000000000000000000000000000000000000000000000000000000000000000000000000000000000000000000000000000000000000000000000000000000000000000000000000
0000000000000000000000000000000000000000000000000000000000000000000000000000000000000000000000000000000000000000000000000000000110000000000000000000000000000000110000000000000000000000000000000000000000000000000000000000000000000000000000000000000000000000000000000000000000000000
0000000000000000000000000000000000000000000000000000000000000000000000000000000000000000000000000000000011000000000000000000000000000000000000000000000000000000110000000000000000000000000000000000000000000000000000000000000000000000000000000000000000000000000000000000000000000000
0000000000000000000000000000000000000000000000000000000000000000000000000000000000000000000000000000000011000000000000000000000000000000000000000000000000000000000000000000000000000000000000000000000000000000000000011000000000000000000000000000000000000000000000000000000000000000
0000000000000000000000000000000000000000000000000000000000000000000000000000000000000000000000000000000000000110000000000000000000000000000000000000000000000000000000000000000000000000000000000000000000000000000000011000000000000000000000000000000000000000000000000011000000000000
0000000000000000000000000000000000000000000000000000000000000000000000000000000000000000000000000000000000000110000000000000000000000000000000000000000000000000000000000000000000000011000000000000000000000000000000000000000000000000000000000000000000000000000000000011000000000000
0000000000000000000000000000000000000000000000000000000000000000000000000000000000000000000000011000000000000000000000000000000000000000000000000000000000000000000000000000011000000011000000000000000000000000000000000000000000000000000001100000000110000000000000000000000000000000
0000000000000000000000000000000000000000000000000000000000000000000000000000000011000000000000011000000000000000000000000000000000000000000001100000000000000000000000000000011000000000000000001100000000000000000000000000000000000000000001100011000110001100000000000000000000011111
0000000000000000000000000000000000000000000000000000000000000000000000000000000011000000000000000000000000000000000000000000000000000000000001100000000000000000000000000000000000000000000000001100001100000000000000000000000000000000000000000011000000001111110111000011111111111111
0000000000000000000000000000000000000000000000000000000000000000000000000000000000000000000110000000000000000000000000000000000000000000000000000000000000000000000000001100000000000011000000000000001100000000000000000000000000000000000000000111111111111111111111111111111111111110
0000000000000000000000000000000000000000000000000000000000000000000000000000000000000000000110000000000000000000000000000000000000000000000000000000000000000000001101111101100000001111000000000000000000000000000000000000000000000000000000011111111111111111111111111111111111111000
0000000000000000000000000000000000000000000000000000000000000000000000000000000000000000000000000000000000000000000000000000000000011000000000000000000000001101111101111111111111111111111111000000000000000000000000000000000000000000000111111111111111111111111111111111111111111110
0000000000000000000000000000000000000000000000000000000000000000000000000000000000000000000000000000000000000000000000000000000000011000000000011110111111111101110000000110111111111011111111000000000000001111100011000000011011111111111111111111111111111111111111111111111111111111
0000000000000000000000000000000000000000000000000000000000000000000000000000000000000000000000000000000000000000000000000000000000000000011111111110111111110111000000000000000000000000111110000000011111111111100011111111111111111111111111111111111111111111111111111111111111111111
0011100000000000000000000000000000000000000000000000000000000000000000000000000000000000000000000000000000000000000000000000011011101111011111100011000000000111000000000000000111111111111111111111111111111111111111111111111111111111111111111111111111111111111111111111111111111111
0011100000000000000000000000000000000000000000000000000000000000000000000000000000000000000000000000000000000000000011000001111011101111001111011111111011111111111111111111111111111111111111111111111111111111111111111111111111111111111111111111111111111111111111111111111111111111
0000000000000000000000000000000000000000000000000000000000000000000000000000000000000000000000000000000000000110111111111101111111101111111111111111111111111111111111111111111111111111111111111111111111111111111111111111111111111111111111111111111111111111111111111111111111111111
0000000000000000000000000000000000000000000000000000000000000000000000000000000000110000000000001101111111111111111111111111111111111111111111111111111111111111111111111111111111111111111111111111111111111111111111111111111111111111111111111111111111111111111111111111111111111111
0000000000000000000000000000000000000000000000000000000000000000000000001100001111111111011111111111111111111111111111111111111111111111111111111111111111111111111111111111111111111111111111111111111111111111111111111111111111111111111111111111111111111111111111111111111111111111
0000000000000000000000000000000000000000000000000000000000000000001111111111111111001111111111111111111111111111111111111111111111111111111111111111111111111111111111111111111111111111111111111111111111111111111111111111111111111111111111111111111111111111111111111111111111111111
0000000000011000000000000000000000000000000011000000000000000000001111111111111111111111111111111111111111111111111111111111111111111111111111111111111111111111111111111111111111111111111111111111111111111111111111111111111111111111111111111111111111111111111111111111111111111111
0000000000111000000000000000000000000000000011000000000000000000111111111111111111111111111111111111111111111111111111111111111111111111111111111111111111111111111111111111111111111111111111111111111111111111111111111111111111111111111111111111111111111111111111111111111111101111
0000000000110000000000000000000000000000000000000000000000000001111111111111111111111111111111111111111111111111111111111111111111111111111111111111111111111111111111111111111111111111111111111111111111111111111111111111111111111111111111111111111111111111111111111111111111111111
0000000000000000000000000000000000000000000000000000000000111111111111111111111111111111111111111111111111111111111111111111111111111111111111111111111111111111111111111111111111111111111111111111111111111111111111111111111111111111111111111111111111111111111111111111111111111111
0000000000000000000000000000000000000000000000000000000011111111111111111111111111111111111111111111111111111111111111111111111111111111111111111111111111111111111111111111111111111111111111111111111111111111111111111111111111111111111111111111111111111111111111111111111111111111
0000000000000000000000000000000000000000000000000000000111111111111111111111111111111111111111111111111111111111111111111111111111111111111111111111111111111111111111111111111111111111111111111111111111111111111111111111111111111111111111111111111111111111111111111111111111111111
0000000000000011000000000000000000000000000000000000000111111111111111111111111111111111111111111111111111111111111111111111111111111111111111111111111111111111111111111111111111111111111111111111111111111111111111111111111111111111111111111111111111111111111111111111111111111110
0000000000000011000000000000000000000000000000000000000111111111111111111111111111111111111111111111111111111111111111111111111111111111111111111111111111111111111111111111111111111111111111111111111111111111111111111111111111111111111111111111111111111111111111111111111111111111
0000000000000000000000000000000000000000000000000000011111111111111111111111111111111111111111111111111111111111111111111111111111111111111111111111111111111111111111111111111111111111111111111111111111111111111111111111111111111111111111111111111111111111111111111111111111111111
0000000001100000000000000000000000000000000000000001111111111111111111111111111111111111111111111111111111111111111111111111111111111111111111111111111111111111111111111111111111111111111111111111111111111111111111111111111111111111111111111111111111111111111111111111111111111111
0000000001100000000000000000000000000000000000000011111111111111111111111111111111111111111111111111111111111111111111111111111111111111111111111111111111111111111111111111111111111111111111111111111111111111111111111111111111111111111111111111111111111111111111111111111111111110
0000000000000000000000000000000000000000000000000011100011111111111111111111111111111111111111111111111111111111111111111111111111111111111111111111111111111111111111111111111111111111111111111111111111111111111111111111111111111111111111111111111111111111111111111111111111100000
0000000000000000000000000000000000000000000000000011111111111111111111111111111111111111111111111111111111111111111111111111111111111111111111111111111111111111111111111111111111111111111111111111111111111111111111111111111111111111111111111111111111111111111111111111111111000000
0000000000000000000000000000000000000000000000000000111111111111111111111111111111111111111111111111111111111111111111111111111111111111111111111111111111111111111111111111111111111111111111111111111111111111111111111111111111111111111111111111111111111111111111111111111111111011
0000000000000000000000000000000000000000000000000001100011111111111111111111111111111111111111111111111111111111111111111111111111111111111111111111111111111111111111111111111111111111111111111111111111111111111111111111111111111111111111111111111111111111111111111111111111111111
0000000000000000000000000000000000000000001100000001100011110111111111111111111111111111111111111111111111111111111111111111111111111111111111111111111111111111111111111111111111111111111111111111111111111111111111111111111111111111111111111111111111111111111111111111111111111111
0000000000000000000000000000000000000000111100011000000011111111111111111111111111111111111111111111111111111111111111111111111111111111111111111111111111111111111111111111111111111111111111111111111111111111111111111111111111111111111111111111111111111111111111111111111111111111
0000000000000000000000000000000000000000110000011000000001111111111111111111111111111111111111111111111111111111111111111111111111111111111111111111111111111111111111111111111111111111111111111111111111111111111111111111111111111111111111111111111111111111111111111111111111111111
0000000000000000000000000000000000110000000000000000000001111111111111111111111111111111111111111111111111111111111111111111111111111111111111111111111111111111111111111111111111111111111111111111111111111111111111111111111111111111111111111111111111111111111111111111111110000000
0000000000000000000000000000000110110011000000000000000000011111111111111111111111111111111111111111111111111111111111111111111111111111111111111111111111111111111111111111111111111111111111111111111111111111111111111111111111111111111111111111111111111111111111111000000000000011
0000000000000000000000000000000110000011000000000000000000001111111111111111111111111111111111111111111111111111111111111111111111111111111111111111111111111111111111111111111111111111111111111101111111111111111111111111111111111111111111111111111111111111110000000000000000000011
0000000000000000000110000000011000000000000000000000001111111111111111111111111111111111111111111111111111111111111111111111111111111111111111111111101111111111111111111111111111111111110110111111111110111111111111111111111111111111111111111111111111100000000000000000000000000110
0000000000000000000110000001111000000000000000000000001111111111111101111111111111111111111111111111111111111111111111111111111111111111011001100000001111111111111111111111111111111111110110110111110110011000011000110000001111111111111111111110000000000000000000000000000000001110
0000000000001100110000000001100000000000000000000000000011111111111011111111111111111111111111111111111111111111111111101101100110110011001101110110111111111111111111111111111111111111100000000000000000000000000000000000000111111111110011011000000000000000000000000000000001101100
0011000000001100110000000110000001100000000000000000011111111111111111111111111111111111111111111111111111111111110110110110110111111011101100110110111111111111111111111111111111111111100000000000000000000000000000000000000000000000000011000000000000000000000000000000000001100000
0011000000001100000000011110000001100000000000000000011111111111111111111111111111111111111111111111111111110011110110110110110011011001111100000000011111111111111111111111111111111111100000000000000000000000000000000000000000000000000000000000000000000000000000000000000000000000
0000011000000000000000011000000000000000000000000000001100111111111111111111111111111111111111011000000001110111000000110000000011000110110000000000011111111111111111111111111111111111100000000000000000000000000000000000000000000000000000000000000000110000000000000000000000000000
0000011000000000000001110000000000000000001101100000000000111111111111111111111101111110110000000000000001100110000000000000000011100110000000000000011111111111111111111111111111111111100000000000000000000000000000000000000000000000000000000000000000110000000011000000000000000000
0000000000000000000011110000000000000000001101100011000000111111111111111111000000001100000000000000000000000000110000000000000001100000000000000000011111111111111111111111111111111111100000000000000000000000000000000000000000000000000000000000000000011110000011100000000000000000
0000000000000000000011000000000000000000000000000011000000000000011110011000000000001100000000000000000000000000110000000000000000000000000000000000011111111111111111111111111111111111100000000000000000000000000000110000000000000000000000000000000000011110000001100000011000000000
0000000000000000000000000000000000000000000000000000000000000000000000000000000000000110000001100000000000000000000000000000000000000000000000000000011111111111111111111111111111111111100000000000000000000000000000110000000000000000000000000000000000000000110001101111011000000000
0000000000000000000000000000000000000000000000000000000000000000000000000000000000000110000001100000000000000000000000000000000000000000000000000000011111111111111111111111111111111111100000000000000000000000000000110011000000000000000000000000000000000000110001101111011000000000
0000000000011000000110000000000000000000000000000000000000000000000000000000000000000000000000000000000000000000000000001100000011000000000000000000001111111111111111111111111111111111100000000000000000011000000000000011000000000000000000000000000000000001100001100111011000000000
0000000000011000000110000000000000000000000000000000000000000000000000000000000000000000000000000000000000000000000000001100000011000000110000000000011111111111111111111111111111111111111000000000000000011000000000000000000000000000000000000000000000000001100000000110000000000000
0000000000000000000000000000000000000000000000000000000000000000000000011000000000000011000000000000000000000000000000000000000000000000110000000000011111111111111111111111111111111111111000000000000000000000000000000000000000000000000000000000000000000000000000011110000000000000
0000111000000000000000000000000000000000000000000000000000000011000000111000000000000011000000000000000000000000000000000000000000000000000000000000011111111111111111111111111111111111100000000000000000000000000000000000000000110001100000001100000000000000000000011110000000000000
0011111001100001100000000000000000000000000000000000000000000011000000110000000000000000001100000000000000000000000000000000000000000000000000000000011111111111111111111111111111111111100000000000000000000000000000000000000000110001100000001100000000000000000000000110000000000000
0011000011110001111000000000000000000000000000000000000000000000000000000000000000000000001100000000000000000000000000000000000000000000000000000000111111111111111111111111111111111111100000000000000000000000000000000001100000000000000000000000000000000000000000000000000000000000
0110000011111110011000000000000000000000000000000000011000000000000000000000000000000000000000000000000000011000000000000000000000000000000000000000111011111111111111111111111111111111100000000000000000000000000000000001100000110000000000000000000000000000000011000000000000000000
0110000001111110000000000000000000000000000000000011011000000000000000000000000000011000000000000000000000011000000000000000000000000000000000000000011111111111111111111111111111111111100000000000000000000000000000000000000000110000000000000000000000000000000011000000000000000000
0110000000111000000000000000000000000000000000000011000000000011000110000000000000011000000000000000000000000000000000000000000000000000000000000000011111111111111111111111111111111111100000000000000000000000000000000000000000000000000000000000000000000000110000000000000000000000
0000000000000001100110000000000000000000000000000000000000000011000110000000000000000000011000000000110000000000000000000000000000000000000000000000011111111111111111111111111111111111100000000000000000000000000000000000000000000000000000000000000000000000110001100000110000000000
0000000011000001100110000110000000001100000000000000000000000000000000000000000000000000011110000000110000000000000000000000000000000000000000000000011111111111111111111111111111111111000000000000000000000000000000001111000000000000000000000000000000000000000111100000110000000000
0000000011000000000000000110001100011101111000000000000000000000000000000000000011000000000110000011000000000000000000000000000000000000000000000000111111111111111111111111111111111111000000000000000000000000000110001111110000000000000000000000000000000000000111100000000000000000
0000000001100000000000000000001100011001111100001100001100000000000000000000000011000000000000000011000000000011000000000000000000000000000000000000111111111111111111111111111111111111000000000000000000000000000110000000110000000000000000000000000000011000000111000000000000000000
0000000001100000000000000001100000000000001110001100001100000000000000000000000000000000000000000000000000000011000000000000000000000000000000000000011111111111111111111111111111111111000000000000000000000000000000000000110000000000000000000000000000011011000000000000000000000000
0000000000000000000000000001111000000000011110110000000000000000000000000000000000000000000000000000000000000000000000000000000000000000000000000000111111111111111111111111111111111111000000000000000000000000000000000000110000000000000000000000000000000011011000000000000000000000
0000000000011100000000000001111000000001111100110000000000000000000000000000000000000000000000000000000000000000000000000000000000000000000000000000111111111111111111111111111111111111000000000000000000000000000000000000000000000000000000000000000011000110011000000000000000000000
0000000000011100000000000111100000110001111000000000000000000001100000000000000000000000000000000000000000000000000000000000000000000000000000000000011111111111111111111111111111111110000000000000000000000000000000000000000000000000000000000000000011000110000000110000000000000000
0000000000001100000000000110000000110000000000000000000000000001100000000000000000000000000000000000000011000000000000000000000000000000000000000000111111111111111111111111111111111110000000000000000000000000000000000000000000000000000000000000000000000000110000110000000000000000
0000000000001100000000000000000000000000001110000001100000000000000000000000000000000000000000000000000011000000000000000000000000000000000000000000111111111111111111111111111111111110000000000000000000000000000000110000000000000000000000000000000000000000111111000000000000000000
0000000000000001100011000000000000000000001110000001110000000011000000000000000000000000000000000000000000000000000000000000000000000000000000000000111111111111111111111111111111111110000000000000000000000000000001110000000000000000000000000110000000000000001111011000000000000000
0000000000000001100011000110000000000000000000000000110000000011000000000000000000000000000000000000000000000011000000000000000000000000000000000000111111111111111111111111111111111110000000000000000000000001100001100000000000001100000000110110000000011000001100011000000000000000
0000000000000000000000011110000000000000000000000110000000000000000000000000000000000000000000000000000000000011000000000000000000000000000000000001111111111111111111111111111111111110000000000000000000000001111000000000000000001100000000110000000000011000011110000000000000000000
0000000000000000000111111100000000000000000001100110000000000000000000000000000000000000000000000000000000000001100000000000000000000000000000000001111111111111111111111111111111111110000000000000000000000000011000000000000000000000000000000000000000000000011111100000000000000000
0000000000000000000111110000000000000000000001100000000000000000000000000110000000000000000000000000000000000001100000000000000000110000000000000000111111111111111111111111111111111110000000000000000000000000110000000000000000000110000000000000000001100011000111100000000000000000
0000000000000000000011111000011000000000000000000000000000000000000000000110000000001100001100000000000000000000000000000000000000110000000000000000111111111111111111111111111111111111000000000000000000000000110000000000000000000110000000000000110001101111110011000000000000000000
0000000000000000000000011001111110000000000000000110000000000000000000000000000111001100001100000000000000000000000000000000000000000000000000000000111111111111111111111111111111111011000000000000000000000000000000000000000000000000000000000000110000001111110000000000000000000000
0000000000000000000000111111101110110111100011000110000000000000000000000000000111000000000000000000000000000000000000110000000000000000000000000000111111111111111111111111111111111110000000000000000000000000000000000000000000000000000000011000000000000011000000000000000000000000
0000000000000000000000111111001100110111100011000000000000000000000000011011000000000000000000000000000000000000000000110000000000000000000000000000111111111111111111111111111111111110000000000000000000000000000000000000000000000000000000011000000000000000011000000000000000000000
0000000000000000001100111000000000000000000110000000011000000000000000011011000000000000000000000000000000000000000000000000000000000000000000110001111111111111111111111111111111111110000000000000000000011000000000000000000000000001101100000111110000000000011000001100000000000000
0000000000000000001100111001100000000000000110000000011001100011110000000000000000000000000000000000000000000000000000000000000000000000000000110001111111111111111111111111111111111110000000000000000000011000000000000000000000000001101100000111110011000000000000001101100000000000
0000000000000000000000011001100000000000000000000000000001100011110000000000000000000000000000000000000000000000000000000000000000000000000000000000111111111111111111111111111111111110000000000000000000000000000000000000000000000000000000000011100011000000000000000001100000000000
0000000000000000000000011000000000000000000000000000000000000000000000000000000000000000000000000000000000000000000000000000000000000000000000000001111111111111111111111111111111111110000000000000000110000000000000000000000000000001111000000011011000000000000000000001100000000000
0000000000000000000000011110000000000000000000000000000000000000000000000000000000000000000000000000000000000000000000000000000000000000000000000001111111111111111111111111111111111110000000000000000110000000000000000000000000011001111001101100111000000000000000000000000000000000
0000000000000000000000011110000001100000000000000000001100000000000000000000000000000000000000000000000000000000000000000000000000000000000000000001111111111111111111111111111111111100000000000000000000000000000011000000000000011000001101101100110000000000000011110000000000000000
0000000000000000000000001100000001111001100000000000001100000000000000000000000000000000000000000000000000000000000000000000000000000000000000000001111111111111111111111111111111111110001100000000000000000000000011100000000000000110001100000000000110000110000011110111100000000000
0000000000000000000000000011000000011001100000000000000000000000000000000000000000000000000000000000000000000000000000000000000000000000000000000001101111111111111111111111111111111110001100000000000000000000000001100000000000000110000000001100011110000110000000000111100000000000
0000000000000000000000000011100000000000000000000000000000000000000000000000000000000000000000000000000011000000000000000000000000000000000000000001111111111111111111111111111111111110000000000000000000000000000000000000000000000000000000001100011000000000000001100011000000000000
0000000000000000000000000011100000000000011000000000000000000000000000000000000000000000000000000000000011000000000000000000000000000000000000000001111111111111111111111111111111111100000000000000000000000000000000000000000000001100000000000000000000000000000001100001100000000000
0000000000000000000000000000111110000110011000000000000000000000000000000000000000000011000000000000000000000000000000000000000000000000000000000001111111111111111111111111111111111100000000000000000000000000000000000000000000001100000000000110000011000000000000000001100000000000
0000000000000000000000000000111111000110000000000000000000000110000000000000000000000011000000000000000000000000000000000000000000000000000000000011111111111111111111111111111111111100000000000000000000000000000000011000000000000000000000000110000011000000000000000001100000000000
0000000000000000000000000000011011000000000000000000000000000110000000000000001100000000000000000000000000000000011000000000000000000000000000000011111111111111111111111111111111111100000000000000000000000000000000011000000000000000000110000000000000000000000000000000000000000000
0000000000000000000000000000000011000000000000000000000000000000000000000000001100000000000000000000000000000000011000000000000001100000000000000011111111111111111111111111111111111100000000000000011000000000000000011000000000000011000110000000000000000000000000011000000000000000
0000000000000000000000000000000011000110000000000000000000000000000000000000000000000000000000000000000000000000000000000000000001100000000000000011011111111111111111111111111110111100000000000000011000000011000000000000000000000011000000000000000000000000000000011000000000000000
0000000000000000000000000000000000000110000001100000000011000000000000000000000000000000000000000000000000000000000000000000000000000000000000000011111111111111111111111111111111111100000000000000000000000011000000000000000000000000000000000000000000000000000000110000000000000000
0000000000000000000000000000000000110110001101100110000011000000000000000000000000000000000000000000000000000000000000000000000000000000000000000011111111111111111111111111111111111100000000000000000000000000000000110000000000000000000000000000000000000000000000110000000000000000
0000000000000000000000000000000000110000111111110110110011000000000000000000000000000000000000000000000000000000000000000000000000000000000000000011111111111111111111111111111111111100000000000000000000000000000000110000000000000000000000000000000000000000000000000000000000000000
0000000000000000000001100000000000001100110011111000111011000000000000000000000000000000000000000000000000000000000000000000000000000000000000000011111111111111111111111111111111111100000000000000000000001100000000000000000000000000000000000000000000000000000000000000000000000000
0000000000000000000001100000000000001100000000011110011011000000000000000000000110000000000000000000000000000000000000000000000000000000000000000011111111111111111111111111111111111100000000000000000000001100000000000000000000000001100000000000000000000000000011000000000000000000
0000000000000000000011001100000000011000000000000110000111000000000000000000000110000000000000000000000000000000000000000000000000000000000000000011111111111111111111111111111111111000000000000000000000000000000000000000000000000001100000000000000000000000000011011000000000000000
0000000000000000000011001100000000011000000110000000000111100000000000000000000000000000000000000000000000000000000000000000000000000000000000000011111111111111111111111111111111111100000000000000000000000000000000000000000000000000000000000000000000000000000011011000000000000000
0000000000000000000001100000000000000000000110000000000011100000011000000000000000000000000000000000000000000000000000000000000000000000000000000111111111111111111111111111111111111100000000000000000000000000000000000000000000000000000000000000000000000000000000000000000000000000
0000000000000000000001100000000000000000000000000000000011110000011000000000000000000000000000000000000000110000000000000000000000000000000000000111111111111111111111111111111111111000000000000000000000000000000000000000000000000000000000000000000000000000000000000000000000000000
0000000000000000000000000000000000000000000000000000001111110000000000000000000000000000000000000000000000110000000000000000000000000000000000000011111111111111111111111111111111111000000000000000000000001100000000000000000000000000000000000000000000000000000000000000000000000000
0000000000000000000001100000000000000000000000000110001111110000000000000000000000011000000000000000000000000000000000000000000000000000000000000011111111111111111111111111111111111000000000000000000000001100000000000000000000000000000000000000000000000000000000000000000000000000
0000000000000000000001100001100000000000000000000110000111110000000011000000000000011000000000000000000000000000000000000000000000000000000000000111111111111111111111111111111111111000000000000000000000000000000000000000000000110000000000000000000000000110001100000000000000000000
0000000000000000000000011001100000000000000000000000000011111000110011000000000000000000000000000000000000000000000000000000000000000000000000000111111111111111111111111111111111111000000000000000000110000000000000000000000000110000000000000000000000000110001100000000000000000000
0000000000000000000000011000000000000000000000000000000011111000110000000001110000011000000000000000000000000000000001100000000000000000000000000011111111111111111111111111111111111000000000000000000110000000000000000000000000000000000000000000000000000000000000000000000000000000
0000000000000000000011000000000000000000000000000000000011011000000000000001110000011000011000000000000000000000000001100000000000000000000000000111111111111111111111111111111111111000000000000000000000000000000000000000000000000000000000000000000000000000000000000000000000000000
0000000000000011000011110000000000000000000000000000000011011100000000000000000000000000011000000000000000000000000000000000000000000000000000000111111111111111111111111111111111111000000000000000000001100000000000000000000000000000000000000000000000000000000000000000000000000000
0000000000000011110001111000000000000000000000000000110011001100000000011000000000011000000000000000111000011000000000000000000000000000000000000111111111111111111111111111111111111000000000000000000001100000000000000000000000000000000000000000000001100000000000000000000000000000
0000000000000000111000011000000000000000000000000000110111001100000000011000000000011000000000000111111000011011000000000000000000000000000000000111111111111111111111111111111111110000000000000000000000000000000000000001100000000000000000000000000001100000000000000000000000000000
0000000000001100011000000110000000000000000000000000000111001110011000000000000111101100000001111111111000000011000000000000000000000000000000000111111111111111111111111111111111111000000000000000000000000000000000000001100000000000000000000001100000000000000000000000000000000000
0000000000001110000000000110000000000000000000000000000110011110011000000000000111101100000011111110110000000000000000000000001100000000000000000111111111111111111111111111111111111000000000000000000000000000000000000000000000000110000011011001100000000000000000000000000000000000
0000000000000110000011000000000000000000000000000000000110011111000000000000000000000000011111100111110000000000000000000000001100000000000000000111111111111111111111111111111111110000000000000000000000000000000000000000000000000110000011011000110000000000000000000000000000000000
0000000000000110000011000001100000000000000000000000000110011011000000000000000000000001111110000011100000000000000000000000000000000000000000000111111111111111111111111111111111110000000000000000000000000000000000000000000000000000000000000000110000000000000000000000000000000000
0000000000000111000000000001100000000000000000000000110110000011100000000000000000111111111000000011100000110000000000000000000000000000000000001111111111111111111111111111111111110000000000000000000000000000000000000000000000000000000000000000000000000000000000000000000000000000
0000000000000011000000000000000000000000000000000000110110000011100000000000110111111111000000000111000000110000110000000000000000000000000000001111111111111111111111111111111111110000000000000000000000000000000000000000000000000000000000000000000000000000000000000000000000000000
0000000000000000000000000000000000000000000000000000000110000001100000000000111111100001100000001111000000000000110000000000000000000000000000001111111111111111111111111111111111110000000000000000000000000000000000000000000000000000000000000000000000000000000000000000000000000000
0000000000000000000000110000000000000000000000000011001110000001110000000111111100000001100000001110000000000000000000000000000000000000000000001111111111111111111111111111111111110000000000000000000000000000000000000000000000000000000000000000000000000000000000000000000000000000
0000000000000000000000110000000000000000000000011011001110000000111111111111110000000000000000001110000001100000000000000000000000000000000000001111111111111111111111111111111111110000000000000000000000000000000000000000000000000000000000000000000000000000000000000000000000000000
0000000000000000000000000000000000000000000001111000001110111111111111111100000000000000001111011100000001100000000000001101100000000000000000001111111111111111111111111111111111110000000000000000000000000000000000000000000000000000000000000000000000000000000000000000000000000000
0000000000000000000000000000000011000000000001100000111111111111111000000000001100000000001111111110000111100000011001101101100000000000000000001101111111111111111111111111111111110000000000000000000000000000110000000000000000000000000000000000000000000000000000000000000000000000
0000000000000000000000000000000011000000000001111111111111100000011000000000001100000000000000110110000110000000011001100001100000000000000000000111111111111111111111111111111111110000000000000000000000000000110000000000000000000000000000000000000000000000000000000000000000000000
0000000000000000000000000000000000000000001111111111101100000000011100000110000000000000000001110000110000000000000000000001100000000000000000001111111111111111111111111111111111110000000000000000000000000000000000000000000000000000000000000000000000000000000000000000000000000000
0000000000000000000000000000000000001111111111000000011100000000001110000110000000000000000011100000111100000000000000000000000000000000000000001101111111111111111111111111111111110000000000000000000000000000000000000000000000000000001100000000000000000000000000000000000000000000
0000000000000000000000000000000011111111111011000000011000000000001110000000000000000000000011000011001100000000000000000000000000000000000000001111111111111111111111111111111111110000000000000000000000000000000000000000000000000000001100000000000000000000000000000000000000000000
0000000000000000000000000000011111110001111111000000011000000000000111000000000000000000000111000011000000000000000000000000000000000000000000011111111111111111111111111111111111100000000000000000000000000000000110000000000000000000000000000000000000000000000000000000000000000000
0000000000000000000000000011111110000000000110000000011000000000000011000000000000000000001110000000000000000000000000000000000000000000000000011111111111111111111111111111111111100000000000000000000000000000011110000000000000000000000000000000000000000000000000000000000000000000
0000000000000000000000111111111111000000110000000000011000000000000011100000000000000000011100000000000000000000000000000000000000000000000000011111111111111111111111111111111111100000000000000000000000000000011000000000000000000000000000000000000000000000000000000000000000000000
0000000000000000000000111111111111111000110110000000111000000000000011100000000000000000011000000000000000000000000000000000000000000000000000001111111111111111111111111111111111100000000011000000000000000000000000000000000000000000000000000000000000000000000000000000000000000000
0000000000000000000000000000000011111111000110000000110000000000000001100000000000000000111000000000000000000000000000000000000000000000000000011111111111111111111111111111111111100000000011000000000000011000110000000000000000000000000000000000000000000000000000000000000000000000
0000000000000000000000000000000111001111100000000000110001100000000001110110000000000001110000000000000000000000000000000000000000000000000000011111111111111111111111111111111111100000000000000000000000011000110000000000000000000000000000000000000000000000000000000000000000000000
0000000000000000000000000000000110000001111000000000110001100000000000110110000000000001100000000000000000000000000000000000000000000000000000001111111111111111111111111111111111100000000000000000000000000000000000000000000000000000000000000000000000000000000000000000000000000000
0000000000000000000000000000001100000000111110000000110000000000000000111000000000000111100000000000000000000000000000000000000000000000000000011111111111111111111111111111111111100000000000000000000000000000000000000000000000000000000000000000000000000000001110000000000000000000
0000000000000000000000000000001100000000001111100000110000000000000000011000000000000111000000000000000000000000000000000000000000000000000000011111111111111111111111111111111111100000000000000000000000000000000000000000000000000000000000000000000000000000001111000000000000000000
0000000000000000000000000000001100000000000011110001110000000000000000011101100000001110000000000000000000000000000000000000000000000000000000011111111111111111111111111111111111000000000000000000000000000000000000000000000000000000000000000000000000000000011111000000000000000000
0000000000000000000000000000001100000000000000111101100000000000000000001111100000011100000000000000000000000000000000000000000000000000000000111111111111111111111111111111111111000000000000000000000000000000000000110000000000000000000000000000000000000000011111100000000000000000
0000000000000000000000000000001100000000000000011111100000000000000000001110000000011000000000000000000000000000000000000000000000000000000000111111111111111111111111111111111111000000000000000000000000000000000000110000000000000000000000000000000011111111111111111000000000000000
0000000000000000000000000000011000000000000000000111100000000000000000000110000001111000000000000000000000000000000000000000000000000000000000111111111111111111111111111111111111000011000000000000000000000000000000000000000000000000000000111111111111111111111111111000000000000000
0000000000000000000000000000011000000000000000000011100000000000000000000110000001110000000000000000000000000000000000000000000000000000000000111111111111111111111111111111111111000011000000000000000000000000000000000000000111111111111111111111111111111111111111111111100000000000
0000000000000000000000000000011000000000000000000001111000000000000000000111000011100000000000000000000000000000000000000000000000000000000000111111111111111111111111111111111111000000000000000000000000000000000011111111111111111111111111111111111111111111111111111111100000000000
0000000000000000000000000000011000000000000000000011111100000000000000000011101111000000000000000000000000000000000000000000000000000000000000111111111111111111111111111111111111000000000000001111001111111111111111111111111111111111111111111111111111111111111111111111100000000000
0000000000000000000011011000111000000000000000000011001110000000000000000001101110000000000000000000000000000000000000000000000000000000000000111111111111111111111111111111111110000000000000001111011111111111111111111111111111111111111111111111111111111111111111111111100000000000
0000000000000000000011111000111000000000000000000011000111100000000110000001111100000000000000000000000000000000000000000000000000000000000000111111111111111111111111111111111110000000000000000111011111111111111111111111111111111111111111111111111111101111111111111111100000000000
0000000000000000000000111001111000000000000000000011000011110000000110000000111000000000000000000000000000000000000000000000000000000000000000111111111111111111111111111111111110000000000000000111111111111111111111111111111111111111111110000001100000000111111111111111100000000000
0000000000000000000000111001101110000000000000000111000000111000000000000001111000000000000000000000000000000000000000000000000000000000000000111111111111111111111111111111111110000000000000000111111111111111111111111111111111111000000000000000000000000111111111111111100000000000
0000000000000000000000000000001110000000000000000110000000011110000000000011111100000000000000000000000000000000000000000000000000000000000001111111111111111111111111111111111110000000000000000011111111111111111111111110000000000000000000000000000000000111111111111111100000000000
0000000000000000000000000111101111000000000000000110000000001111000000000111011100000000000000000000000000000000000000000000000000000000000001111111111111111111111111111111111110000000000000000011011111111111111111110000000000000000000000000000000000000111111111111111000000000000
0000000000000000000000000111100011011110000000000110000000000011110000001111001110000000000000000000000000000000000000000000000000000000000001111111111111111111111111111111111110000000000001100011111111111111111110000110000000000000000000000000000000000111111111111111000000000000
0000000000000000000000000000000011111110000000001110000000000001111000011100000111000000000000000000000000000000000000000000000000000000000001111111111111111111111111111111111110000000000001100011111111111111111100000110000000000000000000000000000000000111111111111111000000000000
0000000000000000000000000000000001111111000000001100000000000000011110111000000111000000000000000000000000000000000000000000000000000000000001111111111111111111111111111111111100000000000000000011111111111111111100000000000000000000000000000000000000000111111111111111000000000000
0000000000000000000000000000000000111111000001101100000000000000001111110000000011110000000000000000000000000000000000000000000000000000000001111111111111111111111111111111111100000000000000000011111111111111111110000000000000000000000000000000000000000111111111111111000000000000
0000000000000000000000000000000000011000011111101100000000000000000011110000000001110000000000000000000000000000000000000000000000000000000001111111111111111111111111111111111100000000000000000011111111111111101110000000000000000000000000000000000000000111111111111110000000000000
0000000000000000000000000000000000000000111110011100000000000000000111111100000000111000000000000000000000000000000000000000000000000000000001111111111111111111111111111111111100000000000000000011111111111111101110000000000000000000000000000000000000001111111111111110000000000000
0000000000000000000000000000000000000000110000011000000000000000001111011111000000111100000000000000000000000000000000000000000000000000000001111111111111111111111111111111111100000000000000000011111111111111101110000000000000000000000000000000000011111111111111111110000000000000
0000000000000000000000000000000000000000000000011000000000000000011100001111100000011110000000000000000000000000000000000000000000000000000011111111111111111111111111111111111100000000000000000011111111111111100110000000000000000000000000000000000011110111111111111110000000000000
0000000000000000000000000000000000000000000000111000000000000001111000000001111000001110000000000000000000000000000000000000000000000000000011111111111111111111111111111111111100000000000000000011111111111111100110000000000000000000000000000000111000000111111111111110000000000000
0000000000000000000000000000000000000110000000110000001100000001110000000001111100000111000000000000000000000000000000000000000000000000000011111111111111111111111111111111111100000000000000000011111111111111100110000000000000000000000000000001111000000111111111111100000000000000
0000000000000000000000000000000011000110000011110011001100000011100000000000001111000111000000000000000000000000000000000000000000000000000011111111111111111111111111111111111000000000000000000111111111111111100110000000000000000000000000000001100000000111111111111100000000000000
0000000000000000000000000000000011000000000011110011001100000111000000000000000111111011100000000000000000000000000000000000000000000000000011111111111111111111111111111111111000000000000000000111111111111111100110000000000000000000000000110000000000000111111111111100000000000000
0000000000000000000000000000000000000000000001100000111100001110000000001100000011111111100000000000000000000000000000000000000000000000000011111111111111111111111111111111111000000000000000000111111111111111100110011000000000000000000000111110000000000111111111111100000000000000
0000000000000000000000000000110001100000000001100000110000111111100000001100000000001111100000000000000000000000000000000000000000000000000011111111111111111111111111111111111000000000000001100111111111111111100110011000000000001100000000011110000000000111111111111100000000000000
0000000000000000000000000000110001100000000011100000000000111111100011000000000000000000000000000000000000000000000000000000000000000000000011111111111111111111111111111111111000000000000001100111111111111111100110000000000011001100000000000000000000000111111111111100000000000000
0000000000000000000000000000000000000000000011100000000001110000000011000000000000000000000000000000000000000000000000000000000000000000000011111111111111111111111111111111111000000000000000000111111111111111101110000000000011000001101100000000000000000111111111111000000000000000
0000000000000000000000000000000000000000000011000000000011100000000001110000000000000000000000000000000000000000000000000000000000000000000011111111111111111111111111110111111000110001100000000111111111111111111100011000000011011111101100000000000000000111111111111000000000000000
0000000000000000000000000000000000000000000011000000000111000000000001110000000000000000000000000000000000000000000000000000000000000000000011111111111111111111111111100111000000110001100000000111111111111111111100011000000011011110001110000000000000000111111111111000000000000000
0000000000000000001100000000000000000000000011000000001110000000000000000000000011000000110000000000000000000000000000000000000000000000000111111111111111111111111111100110001100000000000000000111111111111111111101111000110000000000000110000000000000000111111111111000000000000000
0000000000000000001100000000000000000000000111000000011100000000000000000000000011000000110000011000000000000000000000000000000000000000000111111111111111111111111110000111001100000000000000001111111111111111011001100000110000000000000000110000000000000011111111110000000000000000
0000000000000000000000000000000000000000001110000000111100000000000000000000000000000000000000011000000000000000000000000000000000000000000111111111111111111111111110000011000000000000000000001111111111111111111000000000011000000000000000110000110011100011111111110000000000000000
0000000000000000000000000000000000000000001110000001110000000000000000000000000000011000000000001100000000000000000000000000000000001100000111111111011111110110111110000000000000000000000000011111111111111111111000000000011000000000000011000000110011100011111111110000000000000000
0000000000000000000110000000000000000000001111111101110000000000000000000000000000011000000000001100000000000000000000000000000000001100000111111111001111110110000000000000000000000000000000011111111111111111110000000000000000000000000011110011011111100011111111110000000000000000
0000000000000000000110000000000000000000001111111111101100000000000000000000000000000000000000000000000000000000001100000000000000000000000111111111011111111110000000000000000000000000000000001111111111111111110000000000000000000000000000110011011111100011111111110000000000000000
0000000000000000000000000000000000000000000000000111101100011000000000000000000000000000000000000000000000000000001100000000000000000000000111111111011101111110000000000000000000000000000110001101111111111111110000000000000000000000000000000000000111100011111111110000000000000000
0000000000001100000000000000000000000000000000011110000000011000000000000000000000000000000000000000000000000000001100000000000000011000000111111111011101111110000000000000000000000000000110001101111111111111100000000000000000000000000000000000011111110011111111110000000000000000
0000000000001100000000000000000000000000000000111100000000000000000110000000000000000000000000000000000000000000001100000000000000011000000111111110001101110000000000000000000000000000110000001111111111111111100110000000000000000000000110000000011000110011111111110000000000000000
0000000000110000000000000000000000000000000000111000000000000000000110000000000000000000000000000000000011000000000001100000000000000000000111111110001101110000000000000000000000000000110000001111111111111111100110000000000000000000000110000011011110000011111111110000000000000000
0000000110110000000000000000000000000000000001110000000000000000000000000000000000000000000000000000000011000000000001100001100000000000001111100110000001110000000000000000000000000000000000001101111111111111110000000000000000000000000000000011100110110011111111110000000000000000
0000011110000000000000000000000000000000000011100000000000000001100000000000000000000000000000000000000000000000000000000001100000000000001111100000000001110000000000000000000000000000000000001101111111111111110000000000000000000000000000001101100110110001111111110000000000000000
0000011000000000000000000000000000000000000111000000000000000001100000000000000000000000000000000000000000000000000000000000000000000000001111100000000000000000000000000000000000000000000000001111111111111111000000000000000000000000000000011100110000011001111111110000000000000000
0001100000000000000000000000000000000000001111000000000000000000000000000000000000000000000000000000000000000000000000000000000000000000000011100000000000000000000000000000000000000000000000001111111111111110000000000000000000000000000000011100110000011001111111110000000000000000
0111100000000000000000000000000000000000001110000001100000000000000000110000000000000000000000000000000000000000000000000000110000000000000011100000000000000000000000000000000000000000000000001111111111111110000000000000000000000000000000011110000000000000111111110000000000000000
0110000000000000000000000000000000000000001111101101100000001100000000110110000000000000000000000000000000000000000000000000110000000000000011100000000000000000000000000000000000000000000000011111111111111110000000000000000000000000000001100110000000000001111111110000000000000000
0000000000000000000000000000000000000000001111101100000000001100000000000110000000000000000000000000000000000000000000000000000000000000000011100000000000000000000000000000000000000000000000011011111111111110000000000000000000000000001101100000000000000001111111110000000000000000
0110000000000000000000000000000011000000000001100000000000000000000000000000000000011000000000000000000000000000000000000000000000000000000000000000000000000000000000000000000000000000000000011011111111111110000000000000000000000001101100000000000000000001111111110000000000000000
0110001100000000000000011000000011000000000000000000000000000000000000000000000000011000000000000000000000000000000000000000000000000000000000000000000000000000000000000000000000000000000000011011111111111110000000000000000000000001100000000000000000000001111111110000000000000000
0000001100000000000000011000000000000000000000000000000000000000000000000000000000000000000000000000000000000000000000000000000000000000000000000000000000000000000000000000000000000000000000011011111111111110000000000000000000000001100000000000000000000001111111110000000000000000
0000000000000110000001100000000000000000000000000000000000000000000000000000000000000000000000000000000000000000000000000000000000000000000000000000000000000000000000000000000000000000000000011011111111111110000000000000000011000001100000000000000000000001111111110000000000000000
0000000000000110011111100000000000000000000000000000000000000000000000000000000000000000000000000000000000000001100000000000000000000000000000000000000000000000000000000000000000000000000001111011111111111110000000011110000011000000000000000000000000000001111111110000000000000000
0000000000000000111111000000000000000000000000000000000000000000000000000000000000000000000000000000000000000001100000000000000000000000000000000000000000000000000000000000000000000000000011111111111111111110000000011110000000000000000000000000000000000001111111110000000000000000
0000000000000001110011000001111000000000000000000000000000000000000000000000000000000000000000000000000000000000000000000000000000000000000000000000000000000000000000000000000000000000000011111111111111111110001100000000000000000000000000000000000000000001111111110000000000000000
0000000000000011100000000001111000000000000110000000000000000000000000000000000000000000000000000000000000000000000000000000000000000000000000000000000000000000000000000000000000000000000001110111111111111110001100000000011000000000000000000000000000000001111111110000000000000000
0000000000001111000000000000000000000000000110000000000000000000000000000000000000000000000000000000000000000000000000000000000000000000000000000000000000000000000000000000000000000000000001111111111111111110000000000000011000000000000000000000000000000000111111110000000000000000
0000000000001100000000000000000000000000000000000000000000000011000000000000000000000000000000000000000000000000000000000000000000000000000000000000000000000000000000000000000000000000000001111111111111111111000000000000001111111111111111111111111111111111111111110000000000000000
0000000000111100000000000000000000000000000000000000000000000011000000110000000000000000000000000000000000000000000000000000000000000000000000000000000000000000000000000000000000000000000001111111111111111111111111111111111111111111111111111111111111111111111111111111000000000000
0000000000110000000000000000000000000000000000000000000000000000000000110000000000011001100000000000000000000000000000000000000000000000000000000000000000000000000000000000000000000000000001111111111111111111111111111111111111111111000000111111111111111111111111111111000000000000
0000000001100000000000000000000000000000000000000000000000000000000000000000000000011001100000000000000000000000000000000000000000000000000000000000000000000000000000000000000000000000011000111111111111111111111111111000000001111111111111111111111111111111111111111111111111000000
0000000001100000000000000000000000000000000000000000000000000000000000000000000000000000000000000000000000000000000000000000000000000000000000000000000000000000000001101100000000001100011000111111111111111111111111111111111111111111111111111111111111111111111111111111111111000000
0000000001100000000000000000000000000000000000000000000000000000000000000000000000000000000000000000000000000011100000000000001100000000000000001100011000001100110111101100000000111100000001111111111111111111111111111111111111111111111111111111111111111111111111111111111110000000
0000000011100000000000000000000000000000000000000000000000000000000000000000000000000000000000000000000000000011100000000000001100001100000000001100011000001100110110000000000000110000000001111111111111111111111111111111111111111111111111111111111111111111111111100000000000000000
0000000011110000011000000000000000000000000000000000000000000000000000000000000000000000000000000000000000000001100000000000000000011100000000000000000000000000000000000000000000000000000001111111111111111000111111111111111111111111111111111111111111111111111111100000000000000000
0000000000110000011000000000000000000000000000000000000000000000000000000000000000000000000000000000000000000001100000000000000000011000000000000000000000000000000000000000000000000000000001111111111111111111111111111111111111111111111111111111111111111111111111100000000000000000
0000000000000000011000000000000000000000000000000000000000000000000000000000000000000000000000000000000000000000000000000000000000000000000000000000000000000000000000000000000000000000000001111111111111111111111111111111111111111111111111111111111111111111100000000000000000000000
0000000000000000011000000000011000011000000000000000000000000000000000000000000000000000000000000000000000000000000000000000000000000000000000000000000000000000000000000000000000000000000000111111111111111111111111111111111111111111111111111111111111100000000000000000000000000000
0000000000000001111000000000011000011000000000000000000000000000000000000000000000000000000000000000000000000000000000000000000000000000000000000000000000000000000000000000000000000000000000111111111111111111111111111111111111111111111111100000000110000000000000000000000000000000
0000000000000001100000000000000000000000000000000000000011000000000000000000000000000000000000000000000000000000000000000000000000000000000000000000000000000000000000000000000000000000000000001110111111111111111111111111111111111111110000000000000000000000000000000000000000000000
0000000000000011000000000000000000000000000000000000000011000000000000000000000000000000000000000000000000000000000000000000000000000000000000000000000000000000000000000000000000000000000000001100111111111111111111111111111111110000000000000000000000000000000000000000000000000000
0000000000000011110110000000000110000110000000000000000000000110000000000000000000000000000000000000000000000000000000000000000000000000000000000000000000000000000000000000000000000000000000001100011111111111111111111111111000000000000000000000000000000000000000000000000000000000
0000000000000000110110000000000110000110000000000000000000000110000000000000000000000000000001100000000000000000000000000000000000000000000000000000000000000000000000000000000000000000000000000000000000000000111000000000000000000000000000000000000000000000000000000000000000000000
0000000000000000000000000000000001100011000000110001100000000000001100000000000000000000000001100000000001100000000000000000000000000000000000000000000000000000000000000000000000000000110000000000000000000000000000000000000000000000000000000000000000000000000000000000000000000000
0000000000000000000000000000000001100011000000110001100000110000001100000000000000000000000000000000000001100000000000000000000000000000000000000000000000000000000000000000000000000000110000000000000000000000000000000000000000000000000000000000000000000000000000000000000000000000
0000000000000000000000000000000000000000000000000000000000110000000000000000000000000000000000000000000000000000000000000000000000000000000001100000000000000000000000000000000000000000000000000000000001100000000000000000000000000000000000000000000000000000000000000000000000000000
0000000000000000000000000000000000000000000000000000000000000000000000000000000000000000000000000000000000000000000000000000000000000000000001100011000000000000000000000001100011000000000000000000000001100000011000000000000000000000011000000000000000000000000000000000000000000000
0000000000000000000000000000000000000000000000000000000000000000000000000000000000000000000000000000000000000000000000000000000000000000000000000011000000000000000000000001100011000000000000000000000000000000011000000000000001100011011000000000000000000000000000011000110000000000
0000000000000000000000000000000000000000000000000000000000000000000000000000000000000000000000000000000000000000000000000000000000110000000000000000000000000000000000000000000000000000000000000000000000000000000000000000000001100011000000000000001100000000000000011000110000000110
0000000000000000000000000000000000000000000000000000000000000000000000000000000000000000000000000000000000000000001100000000011000110001100000000001100000001100011000001100000000000000000000000000000000000000000000000000000000000000000000000000001100000000000110000000000000000110
0000000000000000000000000000000000000000000000000000000000000000000000000000000000000000000000000000000000000000001111000000011000000001100000000001100000001100011000111100000000000000000000000110000000000000000000000000000110000000000000000000000000000000000110000000000000000000
0000000000000000000000000000000000000000000000000000000000000000000000000000000000000000000000000000000000000000000011000000000000000000000000000000000000000000000000110000000000000000000000000110000000000000000000000000000110000000000000000000000000000000011000000000000000000000
0000000000000000000000000000000000000000000000000000000000000000000000000000000000000000000000000000000000000000000000000000000000000000000000000000000000000000000000000000000000000000000000000000000000000000000000000000000000000000000000000000000000000000011000000000000000000000
0000000000000000000000000000000000000000000000000000000000000000000000000000000000000000000000000000000000000000000000000000000000000000000000000000000000000000000000000000000000000000000000000000000000000000000000000000000000000000000000000000000000000000000000000000000000000000
0000000000000000000000000000000000000000000000000000000000000000000000000000000000000000000000000000000000000000000000000000000000000000000000000000000000000000000000000000000000000000000000000000000000000000000000000000000000000000000000000000000000000000000000000000000000000000
0000000000000000000000000000000000000000000000000000000000000000000000000000000000000000000000000000000000000000000000000000000000000000000000000000000000000000000000000000000000000000000000000000000000000000000000000000000000000000000000000000000000000000000000000000000000000000
0000000000000000000000000000000000000000000000000000000000000000000000000000000000000000000000000000000000000000000000000000000000000000000000000000000000000000000000000000000000000000000000000000000000000000000000000000000000000000000000000000000000000000000000000000000000000000
0000000000000000000000000000000000000000000000000000000000000000000000000000000000000000000000000000000000000000000000000000000000000000000000000000000000000000000000000000000000000000000000000000000000000000000000000000000000000000000000000000000000000000000000000000000000000000
0000000000000000000000000000000000000000000000000000000000000000000000000000000000000000000000000000000000000000000000000000000000000000000000000000000000000000000000000000000000000000000000000000000000000000000000000000000000000000000000000000000000000000000000000000000000000000
0000000000000000000000000000000000000000000000000000000000000000000000000000000000000000000000000000000000000000000000000000000000000000000000000000000000000000000000000000000000000000000000000000000000000000000000000000000000000000000000000000000000000000000000000000000000000000
0000000000000000000000000000000000000000000000000000000000000000000000000000000000000000000000000000000000000000000000000000000000000000000000000000000000000000000000000000000000000000000000000000000000000000000000000000000000000000000000000000000000000000000000000000000000000000
0000000000000000000000000000000000000000000000000000000000000000000000000000000000000000000000000000000000000000000000000000000000000000000000000000000000000000000000000000000000000000000000000000000000000000000000000000000000000000000000000000000000000000000000000000000000000000
0000000000000000000000000000000000000000000000000000000000000000000000000000000000000000000000000000000000000000000000000000000000000000000000000000000000000000000000000000000000000000000000000000000000000000000000000000000000000000000000000000000000000000000000000000000000000000
0000000000000000000000000000000000000000000000000000000000000000000000000000000000000000000000000000000000000000000000000000000000000000000000000000000000000000000000000000000000000000000000000000000000000000000000000000000000000000000000000000000000000000000000000000000000000000
0000000000000000000000000000000000000000000000000000000000000000000000000000000000000000000000000000000000000000000000000000000000000000000000000000000000000000000000000000000000000000000000000000000000000000000000000000000000000000000000000000000000000000000000000000000000000000
0000000000000000000000000000000000000000000000000000000000000000000000000000000000000000000000000000000000000000000000000000000000000000000000000000000000000000000000000000000000000000000000000000000000000000000000000000000000000000000000000000000000000000000000000000000000000000
0000000000000000000000000000000000000000000000000000000000000000000000000000000000000000000000000000000000000000000000000000000000000000000000000000000000000000000000000000000000000000000000000000000000000000000000000000000000000000000000000000000000000000000000000000000000000000
0000000000000000000000000000000000000000000000000000000000000000000000000000000000000000000000000000000000000000000000000000000000000000000000000000000000000000000000000000000000000000000000000000000000000000000000000000000000011000000000000000000000000000000000000000000000000000
0000000000000000000000000000000000000000000000000000000000000000000000000000000000000000000000000000000000000000000000000000000000000000000000000000000000000000000000000000000000000000000000000000000000000000000000000000000000011000000000000000000000000000000000000000000000000000
