0000000000000000000000000000000000000000000000000000000000000000000000000000000000000000000000000000000000000000000000000000000000000000000000000000000000000000000000000000000000000000000000000000000000000000000000000000000000000000000000000000000000000000000000000000000000000000
0000000000000000000000000000000000000000000000000000000000000000000000000000000000000000000000000000000000000000000000000000000000000000000000000000000000000000000000000000000000000000000000000000000000000000000000000000000000000000000000000000000000000000000000000000000000000000
0000000000000000000000000000000000000000000000000000000000000000000000000000000000000000000000000000000000000000000000000000000000000000000000000000000000000000000000000000000000000000000000000000000000000000000000000000000000000000000000000000000000000000000000000000000000000000
0000000000000000000000000000000000000000000000000000000000000000000000000000000000000000000000000000000000000000000001100000000000000000000000000000000000000000000000000000000000000000000000000000000000000000000000000000000000000000000000000000000000000000000000000000000000000000
0000000000000000000000000000000000000000000000000000000000000000000000000000000000000000000000000000000000000000000001100000000110000000000000000000000000000000000000000000000000000000000000000000000000000000000000000000000000000000000000000000000000000000000000000000000000000000
0000000000000000000000000000000000000000000000000000000000000000000000000000000000000000000000000000000000000000000000000000000110000000000000000000000000000000110000000000000000000000000000000000000000000000000000000000000000000000000000000000000000000000000000000000000000000000
0000000000000000000000000000000000000000000000000000000000000000000000000000000000000000000000000000000011000000000000000000000000000000000000000000000000000000110000000000000000000000000000000000000000000000000000000000000000000000000000000000000000000000000000000000000000000000
0000000000000000000000000000000000000000000000000000000000000000000000000000000000000000000000000000000011000000000000000000000000000000000000000000000000000000000000000000000000000000000000000000000000000000000000011000000000000000000000000000000000000000000000000000000000000000
0000000000000000000000000000000000000000000000000000000000000000000000000000000000000000000000000000000000000110000000000000000000000000000000000000000000000000000000000000000000000000000000000000000000000000000000011000000000000000000000000000000000000000000000000011000000000000
0000000000000000000000000000000000000000000000000000000000000000000000000000000000000000000000000000000000000110000000000000000000000000000000000000000000000000000000000000000000000011000000000000000000000000000000000000000000000000000000000000000000000000000000000011000000000000
0000000000000000000000000000000000000000000000000000000000000000000000000000000000000000000000011000000000000000000000000000000000000000000000000000000000000000000000000000011000000011000000000000000000000000000000000000000000000000000001100000000110000000000000000000000000000000
0000000000000000000000000000000000000000000000000000000000000000000000000000000011000000000000011000000000000000000000000000000000000000000001100000000000000000000000000000011000000000000000001100000000000000000000000000000000000000000001100011000110001100000000000000000000011111
0000000000000000000000000000000000000000000000000000000000000000000000000000000011000000000000000000000000000000000000000000000000000000000001100000000000000000000000000000000000000000000000001100001100000000000000000000000000000000000000000000000000000001110111000011111111000001
0000000000000000000000000000000000000000000000000000000000000000000000000000000000000000000110000000000000000000000000000000000000000000000000000000000000000000000000001100000000000011000000000000001100000000000000000000000000000000000000000100011111100000000000011000000000000010
0000000000000000000000000000000000000000000000000000000000000000000000000000000000000000000110000000000000000000000000000000000000000000000000000000000000000000001101100001100000001000000000000000000000000000000000000000000000000000000000010000000000000000000000000000000000000000
0000000000000000000000000000000000000000000000000000000000000000000000000000000000000000000000000000000000000000000000000000000000011000000000000000000000001101111101110000001111100000011111000000000000000000000000000000000000000000000111000000000000000000000000000000000000000010
0000000000000000000000000000000000000000000000000000000000000000000000000000000000000000000000000000000000000000000000000000000000011000000000011110111111110101010000000110111111111010000001000000000000001111100011000000011011111111110000000000000000000000000000000000000000000001
0000000000000000000000000000000000000000000000000000000000000000000000000000000000000000000000000000000000000000000000000000000000000000011111111010111111110101000000000000000000000000000000000000011111100000000000011111000000000000000000000000000000000000000000000000000000000001
0011100000000000000000000000000000000000000000000000000000000000000000000000000000000000000000000000000000000000000000000000011011101111010000000000000000000000000000000000000111111110000000111111000000000000001000000000000000000000000000000000000000000000000000000000000000000001
0011100000000000000000000000000000000000000000000000000000000000000000000000000000000000000000000000000000000000000011000001000000101000000000011000011011110000011111111111110000000000000000000000000000000000000000000000000000000000000000000000000000000000000000000000000000000001
0000000000000000000000000000000000000000000000000000000000000000000000000000000000000000000000000000000000000110111000011100000000000000000000000000000000000000000000000000000000000000000000000000000000000000000000000000000000000000000000000000000000000000000000000000000000000001
0000000000000000000000000000000000000000000000000000000000000000000000000000000000110000000000001101111111110000000000000000000000000000000000000000000000000000000000000000000000000000000000000000000000000000000000000000000000000000000000000000000000000000000000000000000000000001
0000000000000000000000000000000000000000000000000000000000000000000000001100001111111111011111100000000000000000000000000000000000000000000000000000000000000000000000000000000000000000000000000000000000000000000000000000000000000000000000000000000000000000000000000000000000000001
0000000000000000000000000000000000000000000000000000000000000000001111100001100000000000000000000000000000000000000000000000000000000000000000000000000000000000000000000000000000000000000000000000000000000000000000000000000000000000000000000000000000000000000000000000000000000001
0000000000011000000000000000000000000000000011000000000000000000000000000000000000000000000000000000000000000000000000000000000000000000000000000000000000000000000000000000000000000000000000000000000000000000000000000000000000000000000000000000000000000000000000000000000000000001
0000000000101000000000000000000000000000000011000000000000000000100000000000000000000000000000000000000000000000000000000000000000000000000000000000000000000000000000000000000000000000000000000000000000000000000000000000000000000000000000000000000000000000000000000000000000000001
0000000000110000000000000000000000000000000000000000000000000001000000000000000000000000000000000000000000000000000000000000000000000000000000000000000000000000000000000000000000000000000000000000000000000000000000000000000000000000000000000000000000000000000000000000000000000001
0000000000000000000000000000000000000000000000000000000000111100000000000000000000000000000000000000000000000000000000000000000000000000000000000000000000000000000000000000000000000000000000000000000000000000000000000000000000000000000000000000000000000000000000000000000000000001
0000000000000000000000000000000000000000000000000000000010000000000000000000000000000000000000000000000000000000000000000000000000000000000000000000000000000000000000000000000000000000000000000000000000000000000000000000000000000000000000000000000000000000000000000000000000000001
0000000000000000000000000000000000000000000000000000000100000000000000000000000000000000000000000000000000000000000000000000000000000000000000000000000000000000000000000000000000000000000000000000000000000000000000000000000000000000000000000000000000000000000000000000000000000001
0000000000000011000000000000000000000000000000000000000100000000000000000000000000000000000000000000000000000000000000000000000000000000000000000000000000000000000000000000000000000000000000000000000000000000000000000000000000000000000000000000000000000000000000000000000000000000
0000000000000011000000000000000000000000000000000000000000000000000000000000000000000000000000000000000000000000000000000000000000000000000000000000000000000000000000000000000000000000000000000000000000000000000000000000000000000000000000000000000000000000000000000000000000000001
0000000000000000000000000000000000000000000000000000010000000000000000000000000000000000000000000000000000000000000000000000000000000000000000000000000000000000000000000000000000000000000000000000000000000000000000000000000000000000000000000000000000000000000000000000000000000001
0000000001100000000000000000000000000000000000000001000000000000000000000000000000000000000000000000000000000000000000000000000000000000000000000000000000000000000000000000000000000000000000000000000000000000000000000000000000000000000000000000000000000000000000000000000000000001
0000000001100000000000000000000000000000000000000010001000000000000000000000000000000000000000000000000000000000000000000000000000000000000000000000000000000000000000000000000000000000000000000000000000000000000000000000000000000000000000000000000000000000000000000000000000001110
0000000000000000000000000000000000000000000000000010000000000000000000000000000000000000000000000000000000000000000000000000000000000000000000000000000000000000000000000000000000000000000000000000000000000000000000000000000000000000000000000000000000000000000000000000000000100000
0000000000000000000000000000000000000000000000000010001000000000000000000000000000000000000000000000000000000000000000000000000000000000000000000000000000000000000000000000000000000000000000000000000000000000000000000000000000000000000000000000000000000000000000000000000000000000
0000000000000000000000000000000000000000000000000000001000000000000000000000000000000000000000000000000000000000000000000000000000000000000000000000000000000000000000000000000000000000000000000000000000000000000000000000000000000000000000000000000000000000000000000000000000011011
0000000000000000000000000000000000000000000000000001100000000000000000000000000000000000000000000000000000000000000000000000000000000000000000000000000000000000000000000000000000000000000000000000000000000000000000000000000000000000000000000000000000000000000000000000000000000001
0000000000000000000000000000000000000000001100000001100010000000000000000000000000000000000000000000000000000000000000000000000000000000000000000000000000000000000000000000000000000000000000000000000000000000000000000000000000000000000000000000000000000000000000000000000000000001
0000000000000000000000000000000000000000111100011000000010000000000000000000000000000000000000000000000000000000000000000000000000000000000000000000000000000000000000000000000000000000000000000000000000000000000000000000000000000000000000000000000000000000000000000000000000000001
0000000000000000000000000000000000000000110000011000000000000000000000000000000000000000000000000000000000000000000000000000000000000000000000000000000000000000000000000000000000000000000000000000000000000000000000000000000000000000000000000000000000000000000000000000000000111111
0000000000000000000000000000000000110000000000000000000001000000000000000000000000000000000000000000000000000000000000000000000000000000000000000000000000000000000000000000000000000000000000000000000000000000000000000000000000000000000000000000000000000000000000000011111110000000
0000000000000000000000000000000110110011000000000000000000010000000000000000000000000000000000000000000000000000000000000000000000000000000000000000000000000000000000000000000000000000000000000000000000000000000000000000000000000000000000000000000000000000000111111000000000000011
0000000000000000000000000000000110000011000000000000000000000000000000000000000000000000000000000000000000000000000000000000000000000000000000000000000000000000000000000000000000000000000000000000000000000000000000000000000000000000000000000000000000001111110000000000000000000011
0000000000000000000110000000011000000000000000000000001111100000000000000000000000000000000000000000000000000000000000000000000000000000000000001111100000000000000000000000000000000000000000000000000000100011000010000111100000000000000000000000111111100000000000000000000000000110
0000000000000000000110000001111000000000000000000000001000000000000000000000000000000000000000000000000000000000000000000000000000000000010000000000000000000000000000000000000000000000010110110111110110011000011000110000001000000000000000000010000000000000000000000000000000001010
0000000000001100110000000001100000000000000000000000000000000000000000000000000000000000000000000000000000000000000000000000000000000000001101010110100000000000000000000000000000000000000000000000000000000000000000000000000111111111110000011000000000000000000000000000000001101100
0011000000001100110000000110000001100000000000000000011000000000000000000000000000000000000000000000000000000000000000110110110100001010100100110110100000000000000000000000000000000000100000000000000000000000000000000000000000000000000011000000000000000000000000000000000001100000
0011000000001100000000011110000001100000000000000000010000000000000000000000000000000000000000000011111100000000010110110110110000011000001100000000000000000000000000000000000000000000100000000000000000000000000000000000000000000000000000000000000000000000000000000000000000000000
0000011000000000000000011000000000000000000000000000001100000000000000000000000000000000000111011000000000010101000000110000000010000110110000000000010000000000000000000000000000000000100000000000000000000000000000000000000000000000000000000000000000110000000000000000000000000000
0000011000000000000001010000000000000000001101100000000000100000000000000000011101100010110000000000000001100110000000000000000010100110000000000000010000000000000000000000000000000000100000000000000000000000000000000000000000000000000000000000000000110000000011000000000000000000
0000000000000000000010010000000000000000001101100011000000111111000000000011000000000000000000000000000000000000110000000000000001100000000000000000010000000000000000000000000000000000100000000000000000000000000000000000000000000000000000000000000000010110000010100000000000000000
0000000000000000000011000000000000000000000000000011000000000000011110011000000000001100000000000000000000000000110000000000000000000000000000000000010000000000000000000000000000000000100000000000000000000000000000110000000000000000000000000000000000011110000000100000011000000000
0000000000000000000000000000000000000000000000000000000000000000000000000000000000000110000001100000000000000000000000000000000000000000000000000000010000000000000000000000000000000000100000000000000000000000000000110000000000000000000000000000000000000000110001101111011000000000
0000000000000000000000000000000000000000000000000000000000000000000000000000000000000110000001100000000000000000000000000000000000000000000000000000010000000000000000000000000000000000100000000000000000000000000000110011000000000000000000000000000000000000110001101001011000000000
0000000000011000000110000000000000000000000000000000000000000000000000000000000000000000000000000000000000000000000000001100000011000000000000000000000000000000000000000000000000000000000000000000000000011000000000000011000000000000000000000000000000000001100001100001011000000000
0000000000011000000110000000000000000000000000000000000000000000000000000000000000000000000000000000000000000000000000001100000011000000110000000000010000000000000000000000000000000000001000000000000000011000000000000000000000000000000000000000000000000001100000000000000000000000
0000000000000000000000000000000000000000000000000000000000000000000000011000000000000011000000000000000000000000000000000000000000000000110000000000010000000000000000000000000000000000001000000000000000000000000000000000000000000000000000000000000000000000000000010010000000000000
0000111000000000000000000000000000000000000000000000000000000011000000101000000000000011000000000000000000000000000000000000000000000000000000000000010000000000000000000000000000000000000000000000000000000000000000000000000000110001100000001100000000000000000000010010000000000000
0011111001100001100000000000000000000000000000000000000000000011000000110000000000000000001100000000000000000000000000000000000000000000000000000000000000000000000000000000000000000000100000000000000000000000000000000000000000110001100000001100000000000000000000000110000000000000
0011000010010001111000000000000000000000000000000000000000000000000000000000000000000000001100000000000000000000000000000000000000000000000000000000100000000000000000000000000000000000100000000000000000000000000000000001100000000000000000000000000000000000000000000000000000000000
0110000010000110011000000000000000000000000000000000011000000000000000000000000000000000000000000000000000011000000000000000000000000000000000000000100000000000000000000000000000000000100000000000000000000000000000000001100000110000000000000000000000000000000011000000000000000000
0110000001000010000000000000000000000000000000000011011000000000000000000000000000011000000000000000000000011000000000000000000000000000000000000000000000000000000000000000000000000000100000000000000000000000000000000000000000110000000000000000000000000000000011000000000000000000
0110000000111000000000000000000000000000000000000011000000000011000110000000000000011000000000000000000000000000000000000000000000000000000000000000010000000000000000000000000000000000100000000000000000000000000000000000000000000000000000000000000000000000110000000000000000000000
0000000000000001100110000000000000000000000000000000000000000011000110000000000000000000011000000000110000000000000000000000000000000000000000000000010000000000000000000000000000000000100000000000000000000000000000000000000000000000000000000000000000000000110001100000110000000000
0000000011000001100110000110000000001100000000000000000000000000000000000000000000000000011110000000110000000000000000000000000000000000000000000000000000000000000000000000000000000000000000000000000000000000000000001111000000000000000000000000000000000000000100100000110000000000
0000000011000000000000000110001100010101111000000000000000000000000000000000000011000000000110000011000000000000000000000000000000000000000000000000100000000000000000000000000000000001000000000000000000000000000110001111110000000000000000000000000000000000000100100000000000000000
0000000001100000000000000000001100011001100100001100001100000000000000000000000011000000000000000011000000000011000000000000000000000000000000000000100000000000000000000000000000000001000000000000000000000000000110000000010000000000000000000000000000011000000111000000000000000000
0000000001100000000000000001100000000000000010001100001100000000000000000000000000000000000000000000000000000011000000000000000000000000000000000000000000000000000000000000000000000001000000000000000000000000000000000000110000000000000000000000000000011011000000000000000000000000
0000000000000000000000000001001000000000010010110000000000000000000000000000000000000000000000000000000000000000000000000000000000000000000000000000100000000000000000000000000000000001000000000000000000000000000000000000110000000000000000000000000000000011011000000000000000000000
0000000000011100000000000000001000000001000100110000000000000000000000000000000000000000000000000000000000000000000000000000000000000000000000000000100000000000000000000000000000000001000000000000000000000000000000000000000000000000000000000000000011000110011000000000000000000000
0000000000010100000000000111100000110001111000000000000000000001100000000000000000000000000000000000000000000000000000000000000000000000000000000000000000000000000000000000000000000000000000000000000000000000000000000000000000000000000000000000000011000110000000110000000000000000
0000000000000100000000000110000000110000000000000000000000000001100000000000000000000000000000000000000011000000000000000000000000000000000000000000100000000000000000000000000000000010000000000000000000000000000000000000000000000000000000000000000000000000110000110000000000000000
0000000000001100000000000000000000000000001110000001100000000000000000000000000000000000000000000000000011000000000000000000000000000000000000000000100000000000000000000000000000000010000000000000000000000000000000110000000000000000000000000000000000000000111111000000000000000000
0000000000000001100011000000000000000000001110000001010000000011000000000000000000000000000000000000000000000000000000000000000000000000000000000000100000000000000000000000000000000010000000000000000000000000000001010000000000000000000000000110000000000000000001011000000000000000
0000000000000001100011000110000000000000000000000000110000000011000000000000000000000000000000000000000000000011000000000000000000000000000000000000000000000000000000000000000000000010000000000000000000000001100001100000000000001100000000110110000000011000000000011000000000000000
0000000000000000000000010010000000000000000000000110000000000000000000000000000000000000000000000000000000000011000000000000000000000000000000000001000000000000000000000000000000000010000000000000000000000001111000000000000000001100000000110000000000011000010010000000000000000000
0000000000000000000111000100000000000000000001100110000000000000000000000000000000000000000000000000000000000001100000000000000000000000000000000001000000000000000000000000000000000010000000000000000000000000001000000000000000000000000000000000000000000000010000100000000000000000
0000000000000000000100000000000000000000000001100000000000000000000000000110000000000000000000000000000000000001100000000000000000110000000000000000000000000000000000000000000000000000000000000000000000000000110000000000000000000110000000000000000001100011000100100000000000000000
0000000000000000000011001000011000000000000000000000000000000000000000000110000000001100001100000000000000000000000000000000000000110000000000000000100000000000000000000000000000000001000000000000000000000000110000000000000000000110000000000000110001101000010011000000000000000000
0000000000000000000000000001100010000000000000000110000000000000000000000000000111001100001100000000000000000000000000000000000000000000000000000000100000000000000000000000000000000001000000000000000000000000000000000000000000000000000000000000110000001000010000000000000000000000
0000000000000000000000100000100010110111100011000110000000000000000000000000000111000000000000000000000000000000000000110000000000000000000000000000100000000000000000000000000000000010000000000000000000000000000000000000000000000000000000011000000000000011000000000000000000000000
0000000000000000000000100011001100110111100011000000000000000000000000011011000000000000000000000000000000000000000000110000000000000000000000000000000000000000000000000000000000000010000000000000000000000000000000000000000000000000000000011000000000000000011000000000000000000000
0000000000000000001100100000000000000000000110000000011000000000000000011011000000000000000000000000000000000000000000000000000000000000000000110001000000000000000000000000000000000010000000000000000000011000000000000000000000000001101100000111110000000000011000001100000000000000
0000000000000000001100101001100000000000000110000000011001100011110000000000000000000000000000000000000000000000000000000000000000000000000000110001000000000000000000000000000000000010000000000000000000011000000000000000000000000001101100000100010011000000000000001101100000000000
0000000000000000000000001001100000000000000000000000000001100011110000000000000000000000000000000000000000000000000000000000000000000000000000000000000000000000000000000000000000000010000000000000000000000000000000000000000000000000000000000000000011000000000000000001100000000000
0000000000000000000000010000000000000000000000000000000000000000000000000000000000000000000000000000000000000000000000000000000000000000000000000001000000000000000000000000000000000010000000000000000110000000000000000000000000000001111000000011011000000000000000000001100000000000
0000000000000000000000010010000000000000000000000000000000000000000000000000000000000000000000000000000000000000000000000000000000000000000000000001000000000000000000000000000000000010000000000000000110000000000000000000000000011001101001101100101000000000000000000000000000000000
0000000000000000000000010010000001100000000000000000001100000000000000000000000000000000000000000000000000000000000000000000000000000000000000000001000000000000000000000000000000000000000000000000000000000000000011000000000000011000001101101100110000000000000011110000000000000000
0000000000000000000000001100000001111001100000000000001100000000000000000000000000000000000000000000000000000000000000000000000000000000000000000001000000000000000000000000000000000010001100000000000000000000000010100000000000000110001100000000000110000110000011110111100000000000
0000000000000000000000000011000000011001100000000000000000000000000000000000000000000000000000000000000000000000000000000000000000000000000000000001000000000000000000000000000000000010001100000000000000000000000001100000000000000110000000001100011110000110000000000100100000000000
0000000000000000000000000010100000000000000000000000000000000000000000000000000000000000000000000000000011000000000000000000000000000000000000000001000000000000000000000000000000000010000000000000000000000000000000000000000000000000000000001100011000000000000001100010000000000000
0000000000000000000000000010100000000000011000000000000000000000000000000000000000000000000000000000000011000000000000000000000000000000000000000001000000000000000000000000000000000000000000000000000000000000000000000000000000001100000000000000000000000000000001100001100000000000
0000000000000000000000000000101110000110011000000000000000000000000000000000000000000011000000000000000000000000000000000000000000000000000000000000000000000000000000000000000000000100000000000000000000000000000000000000000000001100000000000110000011000000000000000001100000000000
0000000000000000000000000000100001000110000000000000000000000110000000000000000000000011000000000000000000000000000000000000000000000000000000000010000000000000000000000000000000000100000000000000000000000000000000011000000000000000000000000110000011000000000000000001100000000000
0000000000000000000000000000011001000000000000000000000000000110000000000000001100000000000000000000000000000000011000000000000000000000000000000010000000000000000000000000000000000100000000000000000000000000000000011000000000000000000110000000000000000000000000000000000000000000
0000000000000000000000000000000011000000000000000000000000000000000000000000001100000000000000000000000000000000011000000000000001100000000000000010000000000000000000000000000000000100000000000000011000000000000000011000000000000011000110000000000000000000000000011000000000000000
0000000000000000000000000000000011000110000000000000000000000000000000000000000000000000000000000000000000000000000000000000000001100000000000000010000000000000000000000000000000000100000000000000011000000011000000000000000000000011000000000000000000000000000000011000000000000000
0000000000000000000000000000000000000110000001100000000011000000000000000000000000000000000000000000000000000000000000000000000000000000000000000010000000000000000000000000000000000100000000000000000000000011000000000000000000000000000000000000000000000000000000110000000000000000
0000000000000000000000000000000000110110001100000110000011000000000000000000000000000000000000000000000000000000000000000000000000000000000000000010000000000000000000000000000000000100000000000000000000000000000000110000000000000000000000000000000000000000000000110000000000000000
0000000000000000000000000000000000110000111100010110110011000000000000000000000000000000000000000000000000000000000000000000000000000000000000000010000000000000000000000000000000000100000000000000000000000000000000110000000000000000000000000000000000000000000000000000000000000000
0000000000000000000001100000000000001100110011000000101011000000000000000000000000000000000000000000000000000000000000000000000000000000000000000010000000000000000000000000000000000100000000000000000000001100000000000000000000000000000000000000000000000000000000000000000000000000
0000000000000000000001100000000000001100000000011110011001000000000000000000000110000000000000000000000000000000000000000000000000000000000000000010000000000000000000000000000000000100000000000000000000001100000000000000000000000001100000000000000000000000000011000000000000000000
0000000000000000000011001100000000011000000000000110000100000000000000000000000110000000000000000000000000000000000000000000000000000000000000000010000000000000000000000000000000000000000000000000000000000000000000000000000000000001100000000000000000000000000011011000000000000000
0000000000000000000011001100000000011000000110000000000100100000000000000000000000000000000000000000000000000000000000000000000000000000000000000000000000000000000000000000000000000100000000000000000000000000000000000000000000000000000000000000000000000000000011011000000000000000
0000000000000000000001100000000000000000000110000000000000000000011000000000000000000000000000000000000000000000000000000000000000000000000000000100000000000000000000000000000000000100000000000000000000000000000000000000000000000000000000000000000000000000000000000000000000000000
0000000000000000000001100000000000000000000000000000000000010000011000000000000000000000000000000000000000110000000000000000000000000000000000000100000000000000000000000000000000000000000000000000000000000000000000000000000000000000000000000000000000000000000000000000000000000000
0000000000000000000000000000000000000000000000000000001000010000000000000000000000000000000000000000000000110000000000000000000000000000000000000000000000000000000000000000000000001000000000000000000000001100000000000000000000000000000000000000000000000000000000000000000000000000
0000000000000000000001100000000000000000000000000110001000010000000000000000000000011000000000000000000000000000000000000000000000000000000000000000000000000000000000000000000000001000000000000000000000001100000000000000000000000000000000000000000000000000000000000000000000000000
0000000000000000000001100001100000000000000000000110000100000000000011000000000000011000000000000000000000000000000000000000000000000000000000000100000000000000000000000000000000001000000000000000000000000000000000000000000000110000000000000000000000000110001100000000000000000000
0000000000000000000000011001100000000000000000000000000000001000110011000000000000000000000000000000000000000000000000000000000000000000000000000100000000000000000000000000000000001000000000000000000110000000000000000000000000110000000000000000000000000110001100000000000000000000
0000000000000000000000011000000000000000000000000000000010001000110000000001110000011000000000000000000000000000000001100000000000000000000000000000000000000000000000000000000000001000000000000000000110000000000000000000000000000000000000000000000000000000000000000000000000000000
0000000000000000000011000000000000000000000000000000000010000000000000000001110000011000011000000000000000000000000001100000000000000000000000000100000000000000000000000000000000001000000000000000000000000000000000000000000000000000000000000000000000000000000000000000000000000000
0000000000000011000010010000000000000000000000000000000011010100000000000000000000000000011000000000000000000000000000000000000000000000000000000100000000000000000000000000000000001000000000000000000001100000000000000000000000000000000000000000000000000000000000000000000000000000
0000000000000011110001001000000000000000000000000000110001000100000000011000000000011000000000000000111000011000000000000000000000000000000000000100000000000000000000000000000000001000000000000000000001100000000000000000000000000000000000000000000001100000000000000000000000000000
0000000000000000101000011000000000000000000000000000110101001000000000011000000000011000000000000110001000011011000000000000000000000000000000000100000000000000000000000000000000000000000000000000000000000000000000000001100000000000000000000000000001100000000000000000000000000000
0000000000001100011000000110000000000000000000000000000101000010011000000000000111101100000001110000001000000011000000000000000000000000000000000100000000000000000000000000000000001000000000000000000000000000000000000001100000000000000000000001100000000000000000000000000000000000
0000000000001010000000000110000000000000000000000000000100010000011000000000000111101100000010000000000000000000000000000000001100000000000000000100000000000000000000000000000000001000000000000000000000000000000000000000000000000110000011011001100000000000000000000000000000000000
0000000000000010000011000000000000000000000000000000000110010001000000000000000000000000011000100100010000000000000000000000001100000000000000000100000000000000000000000000000000000000000000000000000000000000000000000000000000000110000011011000110000000000000000000000000000000000
0000000000000100000011000001100000000000000000000000000110011000000000000000000000000001000010000000000000000000000000000000000000000000000000000000000000000000000000000000000000010000000000000000000000000000000000000000000000000000000000000000110000000000000000000000000000000000
0000000000000101000000000001100000000000000000000000110110000010100000000000000000111100011000000000100000110000000000000000000000000000000000001000000000000000000000000000000000010000000000000000000000000000000000000000000000000000000000000000000000000000000000000000000000000000
0000000000000011000000000000000000000000000000000000110110000010100000000000110110001100000000000100000000110000110000000000000000000000000000001000000000000000000000000000000000010000000000000000000000000000000000000000000000000000000000000000000000000000000000000000000000000000
0000000000000000000000000000000000000000000000000000000010000000000000000000000001100001100000001001000000000000110000000000000000000000000000001000000000000000000000000000000000010000000000000000000000000000000000000000000000000000000000000000000000000000000000000000000000000000
0000000000000000000000110000000000000000000000000011001010000001010000000110000100000001100000001000000000000000000000000000000000000000000000001000000000000000000000000000000000010000000000000000000000000000000000000000000000000000000000000000000000000000000000000000000000000000
0000000000000000000000110000000000000000000000011011001010000000000111110001110000000000000000000010000001100000000000000000000000000000000000001000000000000000000000000000000000010000000000000000000000000000000000000000000000000000000000000000000000000000000000000000000000000000
0000000000000000000000000000000000000000000001111000000000111110000011111100000000000000001111010000000000100000000000001101100000000000000000001000000000000000000000000000000000010000000000000000000000000000000000000000000000000000000000000000000000000000000000000000000000000000
0000000000000000000000000000000011000000000001000000100000001111000000000000001100000000001111000010000111100000011001101101100000000000000000001000000000000000000000000000000000010000000000000000000000000000110000000000000000000000000000000000000000000000000000000000000000000000
0000000000000000000000000000000011000000000000001110000001100000000000000000001100000000000000000110000110000000011001100001100000000000000000000000000000000000000000000000000000010000000000000000000000000000110000000000000000000000000000000000000000000000000000000000000000000000
0000000000000000000000000000000000000000001100011111100000000000010100000110000000000000000001010000110000000000000000000001100000000000000000001000000000000000000000000000000000010000000000000000000000000000000000000000000000000000000000000000000000000000000000000000000000000000
0000000000000000000000000000000000001111100000000000010100000000000010000110000000000000000010100000111100000000000000000000000000000000000000001000000000000000000000000000000000010000000000000000000000000000000000000000000000000000001100000000000000000000000000000000000000000000
0000000000000000000000000000000011111100000001000000010000000000001000000000000000000000000000000011001100000000000000000000000000000000000000000000000000000000000000000000000000010000000000000000000000000000000000000000000000000000001100000000000000000000000000000000000000000000
0000000000000000000000000000011000110001111001000000011000000000000101000000000000000000000101000011000000000000000000000000000000000000000000010000000000000000000000000000000000000000000000000000000000000000000110000000000000000000000000000000000000000000000000000000000000000000
0000000000000000000000000011000000000000000110000000011000000000000000000000000000000000001010000000000000000000000000000000000000000000000000010000000000000000000000000000000000100000000000000000000000000000011110000000000000000000000000000000000000000000000000000000000000000000
0000000000000000000000111000000001000000110000000000001000000000000010100000000000000000010100000000000000000000000000000000000000000000000000010000000000000000000000000000000000100000000000000000000000000000011000000000000000000000000000000000000000000000000000000000000000000000
0000000000000000000000111111111000011000110110000000101000000000000010100000000000000000000000000000000000000000000000000000000000000000000000000000000000000000000000000000000000100000000011000000000000000000000000000000000000000000000000000000000000000000000000000000000000000000
0000000000000000000000000000000000000011000110000000100000000000000000000000000000000000101000000000000000000000000000000000000000000000000000010000000000000000000000000000000000100000000011000000000000011000110000000000000000000000000000000000000000000000000000000000000000000000
0000000000000000000000000000000101001100100000000000110001100000000001010110000000000001010000000000000000000000000000000000000000000000000000010000000000000000000000000000000000100000000000000000000000011000110000000000000000000000000000000000000000000000000000000000000000000000
0000000000000000000000000000000110000001001000000000110001100000000000000110000000000000000000000000000000000000000000000000000000000000000000000000000000000000000000000000000000100000000000000000000000000000000000000000000000000000000000000000000000000000000000000000000000000000
0000000000000000000000000000001100000000100010000000110000000000000000101000000000000100100000000000000000000000000000000000000000000000000000010000000000000000000000000000000000100000000000000000000000000000000000000000000000000000000000000000000000000000001110000000000000000000
0000000000000000000000000000001100000000001000100000010000000000000000000000000000000001000000000000000000000000000000000000000000000000000000010000000000000000000000000000000000100000000000000000000000000000000000000000000000000000000000000000000000000000000001000000000000000000
0000000000000000000000000000001100000000000010010001010000000000000000010101100000001010000000000000000000000000000000000000000000000000000000000000000000000000000000000000000000000000000000000000000000000000000000000000000000000000000000000000000000000000010000000000000000000000
0000000000000000000000000000001100000000000000100100000000000000000000000001100000010100000000000000000000000000000000000000000000000000000000100000000000000000000000000000000001000000000000000000000000000000000000110000000000000000000000000000000000000000000000100000000000000000
0000000000000000000000000000001100000000000000010000100000000000000000001000000000000000000000000000000000000000000000000000000000000000000000100000000000000000000000000000000001000000000000000000000000000000000000110000000000000000000000000000000011111111000000001000000000000000
0000000000000000000000000000011000000000000000000100100000000000000000000010000001001000000000000000000000000000000000000000000000000000000000100000000000000000000000000000000001000011000000000000000000000000000000000000000000000000000000111111111000000000000000000000000000000000
0000000000000000000000000000011000000000000000000010000000000000000000000100000000010000000000000000000000000000000000000000000000000000000000100000000000000000000000000000000001000011000000000000000000000000000000000000000111111111111110000000000000000000000000000011100000000000
0000000000000000000000000000011000000000000000000000001000000000000000000101000010100000000000000000000000000000000000000000000000000000000000100000000000000000000000000000000001000000000000000000000000000000000011111111110000000000000000000000000000000000000000000000100000000000
0000000000000000000000000000001000000000000000000010000100000000000000000010101001000000000000000000000000000000000000000000000000000000000000100000000000000000000000000000000001000000000000001111001111111111111000000000000000000000000000000000000000000000000000000000100000000000
0000000000000000000011011000101000000000000000000010001010000000000000000000000010000000000000000000000000000000000000000000000000000000000000100000000000000000000000000000000000000000000000001001010000000000000000000000000000000000000000000000000000000000000000000000100000000000
0000000000000000000011001000001000000000000000000011000100100000000110000001000100000000000000000000000000000000000000000000000000000000000000100000000000000000000000000000000010000000000000000000000000000000000000000000000000000000000000111100001111101000000000000000100000000000
0000000000000000000000001001001000000000000000000001000010010000000110000000000000000000000000000000000000000000000000000000000000000000000000100000000000000000000000000000000010000000000000000100000000000000000000000000000000000011111110000001100000000000000000000000100000000000
0000000000000000000000111001101010000000000000000101000000101000000000000001000000000000000000000000000000000000000000000000000000000000000000000000000000000000000000000000000010000000000000000100000000000000000000000000111111111000000000000000000000000100000000000000100000000000
0000000000000000000000000000001000000000000000000100000000010010000000000010000100000000000000000000000000000000000000000000000000000000000001000000000000000000000000000000000010000000000000000000000000000000000000000110000000000000000000000000000000000100000000000000100000000000
0000000000000000000000000111101001000000000000000110000000001001000000000100010000000000000000000000000000000000000000000000000000000000000001000000000000000000000000000000000010000000000000000010000000000000000000110000000000000000000000000000000000000100000000000000000000000000
0000000000000000000000000111100000011110000000000010000000000010010000001001001010000000000000000000000000000000000000000000000000000000000001000000000000000000000000000000000010000000000001100010000000000000000010000110000000000000000000000000000000000100000000000001000000000000
0000000000000000000000000000000010000000000000001010000000000001001000010100000001000000000000000000000000000000000000000000000000000000000001000000000000000000000000000000000010000000000001100010000000000000000000000110000000000000000000000000000000000100000000000001000000000000
0000000000000000000000000000000001000001000000001000000000000000010010101000000100000000000000000000000000000000000000000000000000000000000001000000000000000000000000000000000000000000000000000010000000000000000000000000000000000000000000000000000000000100000000000001000000000000
0000000000000000000000000000000000100011000001101100000000000000001000000000000010010000000000000000000000000000000000000000000000000000000001000000000000000000000000000000000100000000000000000010000000000000000010000000000000000000000000000000000000000100000000000001000000000000
0000000000000000000000000000000000011000011111100100000000000000000000000000000001000000000000000000000000000000000000000000000000000000000001000000000000000000000000000000000100000000000000000010000000000000000010000000000000000000000000000000000000000000000000000000000000000000
0000000000000000000000000000000000000000100110010100000000000000000100000100000000001000000000000000000000000000000000000000000000000000000001000000000000000000000000000000000100000000000000000010000000000000101010000000000000000000000000000000000000001000000000000010000000000000
0000000000000000000000000000000000000000110000010000000000000000001001010001000000100100000000000000000000000000000000000000000000000000000000000000000000000000000000000000000100000000000000000010000000000000101010000000000000000000000000000000000011110000000000000010000000000000
0000000000000000000000000000000000000000000000001000000000000000010100001100100000010010000000000000000000000000000000000000000000000000000010000000000000000000000000000000000100000000000000000010000000000000100010000000000000000000000000000000000011110000000000000010000000000000
0000000000000000000000000000000000000000000000101000000000000001001000000000001000001000000000000000000000000000000000000000000000000000000010000000000000000000000000000000000100000000000000000010000000000000100110000000000000000000000000000000111000000100000000000010000000000000
0000000000000000000000000000000000000110000000000000001100000000010000000001100100000001000000000000000000000000000000000000000000000000000010000000000000000000000000000000000100000000000000000000000000000000100110000000000000000000000000000001001000000100000000000000000000000000
0000000000000000000000000000000011000110000010010011001100000010100000000000001001000100000000000000000000000000000000000000000000000000000010000000000000000000000000000000000000000000000000000100000000000000100110000000000000000000000000000001100000000100000000000100000000000000
0000000000000000000000000000000011000000000010010011000100000101000000000000000100011000100000000000000000000000000000000000000000000000000010000000000000000000000000000000001000000000000000000100000000000000100110000000000000000000000000110000000000000100000000000100000000000000
0000000000000000000000000000000000000000000000000000111100001000000000001100000011100000100000000000000000000000000000000000000000000000000010000000000000000000000000000000001000000000000000000100000000000000100110011000000000000000000000100110000000000100000000000100000000000000
0000000000000000000000000000110001100000000000100000110000100000100000001100000000001111100000000000000000000000000000000000000000000000000010000000000000000000000000000000001000000000000001100100000000000000100110011000000000001100000000011110000000000100000000000100000000000000
0000000000000000000000000000110001100000000010100000000000000111100011000000000000000000000000000000000000000000000000000000000000000000000010000000000000000000000000000000001000000000000001100100000000000000100010000000000011001100000000000000000000000100000000000100000000000000
0000000000000000000000000000000000000000000010100000000001010000000011000000000000000000000000000000000000000000000000000000000000000000000010000000000000000000000000000000001000000000000000000100000000000000001010000000000011000001101100000000000000000100000000000000000000000000
0000000000000000000000000000000000000000000010000000000010100000000001010000000000000000000000000000000000000000000000000000000000000000000010000000000000000000000000010000011000110001100000000100000000000000000000011000000011011111101000000000000000000100000000001000000000000000
0000000000000000000000000000000000000000000011000000000101000000000001110000000000000000000000000000000000000000000000000000000000000000000000000000000000000000000000000101000000110001100000000100000000000000000100001000000011011110001010000000000000000100000000001000000000000000
0000000000000000001100000000000000000000000001000000001010000000000000000000000011000000110000000000000000000000000000000000000000000000000100000000000000000000000000100100001100000000000000000000000000000000000101111000110000000000000110000000000000000100000000001000000000000000
0000000000000000001100000000000000000000000101000000010000000000000000000000000011000000110000011000000000000000000000000000000000000000000100000000000000000000000000000101001100000000000000001000000000000000000001100000110000000000000000110000000000000000000000000000000000000000
0000000000000000000000000000000000000000001000000000100100000000000000000000000000000000000000011000000000000000000000000000000000000000000100000000000000000000000010000011000000000000000000000000000000000000001000000000011000000000000000110000110011100010000000010000000000000000
0000000000000000000000000000000000000000001000000001000000000000000000000000000000011000000000001100000000000000000000000000000000001100000100000000010000000000111110000000000000000000000000010000000000000000001000000000011000000000000011000000110000100010000000010000000000000000
0000000000000000000110000000000000000000001000111100010000000000000000000000000000011000000000001100000000000000000000000000000000001100000100000001000000000010000000000000000000000000000000010000000000000000000000000000000000000000000011110011010000100010000000010000000000000000
0000000000000000000110000000000000000000001111110000001100000000000000000000000000000000000000000000000000000000001100000000000000000000000100000001010000000010000000000000000000000000000000000000000000000000010000000000000000000000000000110011010000100010000000010000000000000000
0000000000000000000000000000000000000000000000000000101100011000000000000000000000000000000000000000000000000000001100000000000000000000000100000001010000000010000000000000000000000000000110001000000000000000010000000000000000000000000000000000000000000010000000010000000000000000
0000000000001100000000000000000000000000000000010010000000011000000000000000000000000000000000000000000000000000001100000000000000011000000100000001010101000110000000000000000000000000000110001000000000000000000000000000000000000000000000000000011110010010000000010000000000000000
0000000000001100000000000000000000000000000000100100000000000000000110000000000000000000000000000000000000000000001100000000000000011000000100000000000101000000000000000000000000000000110000001000000000000000100110000000000000000000000110000000010000110010000000010000000000000000
0000000000110000000000000000000000000000000000001000000000000000000110000000000000000000000000000000000011000000000001100000000000000000000000000010001101010000000000000000000000000000110000001000000000000000000110000000000000000000000110000011011110000010000000010000000000000000
0000000110110000000000000000000000000000000001010000000000000000000000000000000000000000000000000000000011000000000001100001100000000000001000000110000001010000000000000000000000000000000000001000000000000000010000000000000000000000000000000010100010110010000000010000000000000000
0000011110000000000000000000000000000000000010100000000000000001100000000000000000000000000000000000000000000000000000000001100000000000001000100000000001110000000000000000000000000000000000001000000000000000010000000000000000000000000000001101100110110000000000010000000000000000
0000011000000000000000000000000000000000000100000000000000000001100000000000000000000000000000000000000000000000000000000000000000000000001000100000000000000000000000000000000000000000000000001000000000000001000000000000000000000000000000010100110000011001000000010000000000000000
0001100000000000000000000000000000000000001001000000000000000000000000000000000000000000000000000000000000000000000000000000000000000000000000100000000000000000000000000000000000000000000000001000000000000000000000000000000000000000000000010000110000011001000000010000000000000000
0111100000000000000000000000000000000000001000000001100000000000000000110000000000000000000000000000000000000000000000000000110000000000000010100000000000000000000000000000000000000000000000000000000000000010000000000000000000000000000000010010000000000000000000010000000000000000
0110000000000000000000000000000000000000001000101101100000001100000000110110000000000000000000000000000000000000000000000000110000000000000010100000000000000000000000000000000000000000000000010000000000000010000000000000000000000000000001100110000000000001000000010000000000000000
0000000000000000000000000000000000000000001100101100000000001100000000000110000000000000000000000000000000000000000000000000000000000000000011100000000000000000000000000000000000000000000000010000000000000010000000000000000000000000001101100000000000000001000000010000000000000000
0110000000000000000000000000000011000000000001100000000000000000000000000000000000011000000000000000000000000000000000000000000000000000000000000000000000000000000000000000000000000000000000011010000000000010000000000000000000000001101100000000000000000001000000010000000000000000
0110001100000000000000011000000011000000000000000000000000000000000000000000000000011000000000000000000000000000000000000000000000000000000000000000000000000000000000000000000000000000000000011010000000000010000000000000000000000001100000000000000000000001000000010000000000000000
0000001100000000000000011000000000000000000000000000000000000000000000000000000000000000000000000000000000000000000000000000000000000000000000000000000000000000000000000000000000000000000000011010000000000010000000000000000000000001100000000000000000000001000000010000000000000000
0000000000000110000001100000000000000000000000000000000000000000000000000000000000000000000000000000000000000000000000000000000000000000000000000000000000000000000000000000000000000000000000001010000000000010000000000000000011000001100000000000000000000001000000010000000000000000
0000000000000110011100100000000000000000000000000000000000000000000000000000000000000000000000000000000000000001100000000000000000000000000000000000000000000000000000000000000000000000000001000000000000000010000000011110000011000000000000000000000000000001000000010000000000000000
0000000000000000100000000000000000000000000000000000000000000000000000000000000000000000000000000000000000000001100000000000000000000000000000000000000000000000000000000000000000000000000010000000000000000010000000011110000000000000000000000000000000000001000000010000000000000000
0000000000000001010011000001111000000000000000000000000000000000000000000000000000000000000000000000000000000000000000000000000000000000000000000000000000000000000000000000000000000000000010000000000000000010001100000000000000000000000000000000000000000001000000010000000000000000
0000000000000010100000000001111000000000000110000000000000000000000000000000000000000000000000000000000000000000000000000000000000000000000000000000000000000000000000000000000000000000000000000000000000000010001100000000011000000000000000000000000000000001000000010000000000000000
0000000000001111000000000000000000000000000110000000000000000000000000000000000000000000000000000000000000000000000000000000000000000000000000000000000000000000000000000000000000000000000001000000000000000000000000000000011000000000000000000000000000000000000000010000000000000000
0000000000000000000000000000000000000000000000000000000000000011000000000000000000000000000000000000000000000000000000000000000000000000000000000000000000000000000000000000000000000000000001000000000000000001000000000000000011111111111111111111111111111110000000000000000000000000
0000000000111100000000000000000000000000000000000000000000000011000000110000000000000000000000000000000000000000000000000000000000000000000000000000000000000000000000000000000000000000000001000000000000000000011111111111100000000000011110000000000000000000000000000111000000000000
0000000000110000000000000000000000000000000000000000000000000000000000110000000000011001100000000000000000000000000000000000000000000000000000000000000000000000000000000000000000000000000001000000000000000000000000000011111100000000000000000000000000000000000000000000000000000000
0000000001100000000000000000000000000000000000000000000000000000000000000000000000011001100000000000000000000000000000000000000000000000000000000000000000000000000000000000000000000000011000000000000000000000000000000000000000000000011110000000000000000000000000000000011111000000
0000000001100000000000000000000000000000000000000000000000000000000000000000000000000000000000000000000000000000000000000000000000000000000000000000000000000000000001101100000000001100011000000000000000000000000000000011111100000000000000000000000000000000000000000000000001000000
0000000000100000000000000000000000000000000000000000000000000000000000000000000000000000000000000000000000000011100000000000001100000000000000001100011000001100110111101100000000111100000001000000000000000000000000000000000000000000000000000000000000000000000000001111111110000000
0000000010000000000000000000000000000000000000000000000000000000000000000000000000000000000000000000000000000010100000000000001100001100000000001100011000001100110110000000000000110000000001000000000000000010000000000000000000000000000000000000000000000000000000000000000000000000
0000000010010000011000000000000000000000000000000000000000000000000000000000000000000000000000000000000000000000100000000000000000010100000000000000000000000000000000000000000000000000000001000000000000000000000000000000000000000000000000000000000000000000000000100000000000000000
0000000000110000011000000000000000000000000000000000000000000000000000000000000000000000000000000000000000000001100000000000000000011000000000000000000000000000000000000000000000000000000001000000000000000010000000000000000000000000000000000000000000000000001111100000000000000000
0000000000000000011000000000000000000000000000000000000000000000000000000000000000000000000000000000000000000000000000000000000000000000000000000000000000000000000000000000000000000000000001000000000000000000000000000000000000000000000000000000000000001111100000000000000000000000
0000000000000000001000000000011000011000000000000000000000000000000000000000000000000000000000000000000000000000000000000000000000000000000000000000000000000000000000000000000000000000000000000000000000000000000000000000000000000000000000001111110000100000000000000000000000000000
0000000000000001111000000000011000011000000000000000000000000000000000000000000000000000000000000000000000000000000000000000000000000000000000000000000000000000000000000000000000000000000000100000000000000000000000000000000000000000000111100000000110000000000000000000000000000000
0000000000000001100000000000000000000000000000000000000011000000000000000000000000000000000000000000000000000000000000000000000000000000000000000000000000000000000000000000000000000000000000000010000000000000000000000000000000000111110000000000000000000000000000000000000000000000
0000000000000010000000000000000000000000000000000000000011000000000000000000000000000000000000000000000000000000000000000000000000000000000000000000000000000000000000000000000000000000000000001000100000000000000000000000000011110000000000000000000000000000000000000000000000000000
0000000000000011110110000000000110000110000000000000000000000110000000000000000000000000000000000000000000000000000000000000000000000000000000000000000000000000000000000000000000000000000000001100011111111110000011111111111000000000000000000000000000000000000000000000000000000000
0000000000000000110110000000000110000110000000000000000000000110000000000000000000000000000001100000000000000000000000000000000000000000000000000000000000000000000000000000000000000000000000000000000000000000111000000000000000000000000000000000000000000000000000000000000000000000
0000000000000000000000000000000001100011000000110001100000000000001100000000000000000000000001100000000001100000000000000000000000000000000000000000000000000000000000000000000000000000110000000000000000000000000000000000000000000000000000000000000000000000000000000000000000000000
0000000000000000000000000000000001100011000000110001100000110000001100000000000000000000000000000000000001100000000000000000000000000000000000000000000000000000000000000000000000000000110000000000000000000000000000000000000000000000000000000000000000000000000000000000000000000000
0000000000000000000000000000000000000000000000000000000000110000000000000000000000000000000000000000000000000000000000000000000000000000000001100000000000000000000000000000000000000000000000000000000001100000000000000000000000000000000000000000000000000000000000000000000000000000
0000000000000000000000000000000000000000000000000000000000000000000000000000000000000000000000000000000000000000000000000000000000000000000001100011000000000000000000000001100011000000000000000000000001100000011000000000000000000000011000000000000000000000000000000000000000000000
0000000000000000000000000000000000000000000000000000000000000000000000000000000000000000000000000000000000000000000000000000000000000000000000000011000000000000000000000001100011000000000000000000000000000000011000000000000001100011011000000000000000000000000000011000110000000000
0000000000000000000000000000000000000000000000000000000000000000000000000000000000000000000000000000000000000000000000000000000000110000000000000000000000000000000000000000000000000000000000000000000000000000000000000000000001100011000000000000001100000000000000011000110000000110
0000000000000000000000000000000000000000000000000000000000000000000000000000000000000000000000000000000000000000001100000000011000110001100000000001100000001100011000001100000000000000000000000000000000000000000000000000000000000000000000000000001100000000000110000000000000000110
0000000000000000000000000000000000000000000000000000000000000000000000000000000000000000000000000000000000000000001111000000011000000001100000000001100000001100011000111100000000000000000000000110000000000000000000000000000110000000000000000000000000000000000110000000000000000000
0000000000000000000000000000000000000000000000000000000000000000000000000000000000000000000000000000000000000000000011000000000000000000000000000000000000000000000000110000000000000000000000000110000000000000000000000000000110000000000000000000000000000000011000000000000000000000
0000000000000000000000000000000000000000000000000000000000000000000000000000000000000000000000000000000000000000000000000000000000000000000000000000000000000000000000000000000000000000000000000000000000000000000000000000000000000000000000000000000000000000011000000000000000000000
0000000000000000000000000000000000000000000000000000000000000000000000000000000000000000000000000000000000000000000000000000000000000000000000000000000000000000000000000000000000000000000000000000000000000000000000000000000000000000000000000000000000000000000000000000000000000000
0000000000000000000000000000000000000000000000000000000000000000000000000000000000000000000000000000000000000000000000000000000000000000000000000000000000000000000000000000000000000000000000000000000000000000000000000000000000000000000000000000000000000000000000000000000000000000
0000000000000000000000000000000000000000000000000000000000000000000000000000000000000000000000000000000000000000000000000000000000000000000000000000000000000000000000000000000000000000000000000000000000000000000000000000000000000000000000000000000000000000000000000000000000000000
0000000000000000000000000000000000000000000000000000000000000000000000000000000000000000000000000000000000000000000000000000000000000000000000000000000000000000000000000000000000000000000000000000000000000000000000000000000000000000000000000000000000000000000000000000000000000000
0000000000000000000000000000000000000000000000000000000000000000000000000000000000000000000000000000000000000000000000000000000000000000000000000000000000000000000000000000000000000000000000000000000000000000000000000000000000000000000000000000000000000000000000000000000000000000
0000000000000000000000000000000000000000000000000000000000000000000000000000000000000000000000000000000000000000000000000000000000000000000000000000000000000000000000000000000000000000000000000000000000000000000000000000000000000000000000000000000000000000000000000000000000000000
0000000000000000000000000000000000000000000000000000000000000000000000000000000000000000000000000000000000000000000000000000000000000000000000000000000000000000000000000000000000000000000000000000000000000000000000000000000000000000000000000000000000000000000000000000000000000000
0000000000000000000000000000000000000000000000000000000000000000000000000000000000000000000000000000000000000000000000000000000000000000000000000000000000000000000000000000000000000000000000000000000000000000000000000000000000000000000000000000000000000000000000000000000000000000
0000000000000000000000000000000000000000000000000000000000000000000000000000000000000000000000000000000000000000000000000000000000000000000000000000000000000000000000000000000000000000000000000000000000000000000000000000000000000000000000000000000000000000000000000000000000000000
0000000000000000000000000000000000000000000000000000000000000000000000000000000000000000000000000000000000000000000000000000000000000000000000000000000000000000000000000000000000000000000000000000000000000000000000000000000000000000000000000000000000000000000000000000000000000000
0000000000000000000000000000000000000000000000000000000000000000000000000000000000000000000000000000000000000000000000000000000000000000000000000000000000000000000000000000000000000000000000000000000000000000000000000000000000000000000000000000000000000000000000000000000000000000
0000000000000000000000000000000000000000000000000000000000000000000000000000000000000000000000000000000000000000000000000000000000000000000000000000000000000000000000000000000000000000000000000000000000000000000000000000000000000000000000000000000000000000000000000000000000000000
0000000000000000000000000000000000000000000000000000000000000000000000000000000000000000000000000000000000000000000000000000000000000000000000000000000000000000000000000000000000000000000000000000000000000000000000000000000000000000000000000000000000000000000000000000000000000000
0000000000000000000000000000000000000000000000000000000000000000000000000000000000000000000000000000000000000000000000000000000000000000000000000000000000000000000000000000000000000000000000000000000000000000000000000000000000000000000000000000000000000000000000000000000000000000
0000000000000000000000000000000000000000000000000000000000000000000000000000000000000000000000000000000000000000000000000000000000000000000000000000000000000000000000000000000000000000000000000000000000000000000000000000000000011000000000000000000000000000000000000000000000000000
0000000000000000000000000000000000000000000000000000000000000000000000000000000000000000000000000000000000000000000000000000000000000000000000000000000000000000000000000000000000000000000000000000000000000000000000000000000000011000000000000000000000000000000000000000000000000000
