bin,freq_cycles_per_pixel,amp
0,0.00000000,1.79915822
1,0.00390625000,0.720734119
2,0.00781250000,0.170686394
3,0.0117187500,0.161423773
4,0.0156250000,0.149876103
5,0.0195312500,0.134103432
6,0.0234375000,0.117286555
7,0.0273437500,0.0988974650
8,0.0312500000,0.0803829430
9,0.0351562500,0.0639705210
10,0.0390625000,0.0520223450
11,0.0429687500,0.0484092650
12,0.0468750000,0.0538212060
13,0.0507812500,0.0643069740
14,0.0546875000,0.0762334610
15,0.0585937500,0.0874432400
16,0.0625000000,0.0966252760
17,0.0664062500,0.103371270
18,0.0703125000,0.107320763
19,0.0742187500,0.108434580
20,0.0781250000,0.106949612
21,0.0820312500,0.103061788
22,0.0859375000,0.0973323880
23,0.0898437500,0.0903205350
24,0.0937500000,0.0827539940
25,0.0976562500,0.0755241290
26,0.101562500,0.0694078210
27,0.105468750,0.0651608560
28,0.109375000,0.0629949570
29,0.113281250,0.0626224200
30,0.117187500,0.0632670670
31,0.121093750,0.0639437060
32,0.125000000,0.0638240280
33,0.128906250,0.0621933270
34,0.132812500,0.0586417390
35,0.136718750,0.0529236160
36,0.140625000,0.0449824370
37,0.144531250,0.0349892040
38,0.148437500,0.0233229310
39,0.152343750,0.0115458290
40,0.156250000,0.0111152010
41,0.160156250,0.0246239550
42,0.164062500,0.0401975510
43,0.167968750,0.0558738670
44,0.171875000,0.0708816050
45,0.175781250,0.0846592930
46,0.179687500,0.0967225880
47,0.183593750,0.106635056
48,0.187500000,0.114074461
49,0.191406250,0.118774273
50,0.195312500,0.120578192
51,0.199218750,0.119438477
52,0.203125000,0.115386330
53,0.207031250,0.108586490
54,0.210937500,0.0992849320
55,0.214843750,0.0878344330
56,0.218750000,0.0747116430
57,0.222656250,0.0605144090
58,0.226562500,0.0461264180
59,0.230468750,0.0331066100
60,0.234375000,0.0248815700
61,0.238281250,0.0261081480
62,0.242187500,0.0347221420
63,0.246093750,0.0454222220
64,0.250000000,0.0556464120
65,0.253906250,0.0643306670
66,0.257812500,0.0709438620
67,0.261718750,0.0752155040
68,0.265625000,0.0770124500
69,0.269531250,0.0763290600
70,0.273437500,0.0732610080
71,0.277343750,0.0679822860
72,0.281250000,0.0607588700
73,0.285156250,0.0519131350
74,0.289062500,0.0418367050
75,0.292968750,0.0310038630
76,0.296875000,0.0200703090
77,0.300781250,0.0107346700
78,0.304687500,0.0099951560
79,0.308593750,0.0179783030
80,0.312500000,0.0268914630
81,0.316406250,0.0349355080
82,0.320312500,0.0415957270
83,0.324218750,0.0466221420
84,0.328125000,0.0498875570
85,0.332031250,0.0513427590
86,0.335937500,0.0510216650
87,0.339843750,0.0490184540
88,0.343750000,0.0454866180
89,0.347656250,0.0406336560
90,0.351562500,0.0347003490
91,0.355468750,0.0279665440
92,0.359375000,0.0207370950
93,0.363281250,0.0133688050
94,0.367187500,0.00653043300
95,0.371093750,0.00440541200
96,0.375000000,0.00961304800
97,0.378906250,0.0153257170
98,0.382812500,0.0203707090
99,0.386718750,0.0245109950
100,0.390625000,0.0276624650
101,0.394531250,0.0298096390
102,0.398437500,0.0309966110
103,0.402343750,0.0313173680
104,0.406250000,0.0309049640
105,0.410156250,0.0299301480
106,0.414062500,0.0285815350
107,0.417968750,0.0270554980
108,0.421875000,0.0255334380
109,0.425781250,0.0241540430
110,0.429687500,0.0229957960
111,0.433593750,0.0220596380
112,0.437500000,0.0212848110
113,0.441406250,0.0205763370
114,0.445312500,0.0198434270
115,0.449218750,0.0190358440
116,0.453125000,0.0181629640
117,0.457031250,0.0173085130
118,0.460937500,0.0166239330
119,0.464843750,0.0162961370
120,0.468750000,0.0164830720
121,0.472656250,0.0172336830
122,0.476562500,0.0184589660
123,0.480468750,0.0199723430
124,0.484375000,0.0215548570
125,0.488281250,0.0230046050
126,0.492187500,0.0241581430
127,0.496093750,0.0248971410
128,0.500000000,0.0251516700
