bin,freq_cycles_per_pixel,amp
0,0.00000000,1.89987040
1,0.00390625000,0.846384048
2,0.00781250000,0.0800720970
3,0.0117187500,0.0159034170
4,0.0156250000,0.0772458390
5,0.0195312500,0.0160333760
6,0.0234375000,0.0776145090
7,0.0273437500,0.0159514660
8,0.0312500000,0.0769498270
9,0.0351562500,0.0160233490
10,0.0390625000,0.0766483840
11,0.0429687500,0.0159851200
12,0.0468750000,0.0759589150
13,0.0507812500,0.0160387140
14,0.0546875000,0.0753610360
15,0.0585937500,0.0160197130
16,0.0625000000,0.0745239930
17,0.0664062500,0.0160654760
18,0.0703125000,0.0736946540
19,0.0742187500,0.0160579640
20,0.0781250000,0.0726872310
21,0.0820312500,0.0160995070
22,0.0859375000,0.0716529640
23,0.0898437500,0.0160996600
24,0.0937500000,0.0704738570
25,0.0976562500,0.0161381210
26,0.101562500,0.0692525430
27,0.105468750,0.0161432750
28,0.109375000,0.0679084140
29,0.113281250,0.0161788630
30,0.117187500,0.0665161160
31,0.121093750,0.0161872190
32,0.125000000,0.0650178270
33,0.128906250,0.0162193500
34,0.132812500,0.0634706690
35,0.136718750,0.0162286810
36,0.140625000,0.0618319590
37,0.144531250,0.0162573330
38,0.148437500,0.0601469840
39,0.152343750,0.0162663520
40,0.156250000,0.0583837370
41,0.160156250,0.0162904780
42,0.164062500,0.0565792620
43,0.167968750,0.0162977820
44,0.171875000,0.0547091330
45,0.175781250,0.0163168440
46,0.179687500,0.0528045670
47,0.183593750,0.0163213830
48,0.187500000,0.0508468860
49,0.191406250,0.0163345900
50,0.195312500,0.0488630500
51,0.199218750,0.0163352470
52,0.203125000,0.0468388130
53,0.207031250,0.0163422560
54,0.210937500,0.0447978120
55,0.214843750,0.0163383060
56,0.218750000,0.0427294630
57,0.222656250,0.0163386630
58,0.226562500,0.0406549240
59,0.230468750,0.0163295310
60,0.234375000,0.0385666340
61,0.238281250,0.0163230470
62,0.242187500,0.0364839730
63,0.246093750,0.0163088630
64,0.250000000,0.0344018270
65,0.253906250,0.0162950440
66,0.257812500,0.0323387350
67,0.261718750,0.0162748270
68,0.265625000,0.0302919280
69,0.269531250,0.0162548400
70,0.273437500,0.0282793470
71,0.277343750,0.0162291470
72,0.281250000,0.0263009110
73,0.285156250,0.0162029380
74,0.289062500,0.0243748800
75,0.292968750,0.0161721280
76,0.296875000,0.0225044340
77,0.300781250,0.0161403320
78,0.304687500,0.0207094550
79,0.308593750,0.0161050630
80,0.312500000,0.0189971890
81,0.316406250,0.0160685010
82,0.320312500,0.0173908750
83,0.324218750,0.0160294750
84,0.328125000,0.0159036240
85,0.332031250,0.0159891790
86,0.335937500,0.0145633040
87,0.339843750,0.0159474160
88,0.343750000,0.0133891580
89,0.347656250,0.0159045380
90,0.351562500,0.0124116860
91,0.355468750,0.0158611500
92,0.359375000,0.0116495320
93,0.363281250,0.0158169850
94,0.367187500,0.0111229930
95,0.371093750,0.0157731850
96,0.375000000,0.0108317740
97,0.378906250,0.0157291270
98,0.382812500,0.0107665030
99,0.386718750,0.0156863200
100,0.390625000,0.0108966280
101,0.394531250,0.0156437270
102,0.398437500,0.0111862230
103,0.402343750,0.0156031830
104,0.406250000,0.0115917260
105,0.410156250,0.0155635320
106,0.414062500,0.0120746490
107,0.417968750,0.0155265590
108,0.421875000,0.0125987870
109,0.425781250,0.0154910920
110,0.429687500,0.0131360030
111,0.433593750,0.0154589330
112,0.437500000,0.0136623540
113,0.441406250,0.0154289540
114,0.445312500,0.0141599330
115,0.449218750,0.0154027040
116,0.453125000,0.0146141860
117,0.457031250,0.0153792210
118,0.460937500,0.0150142390
119,0.464843750,0.0153597630
120,0.468750000,0.0153515290
121,0.472656250,0.0153436490
122,0.476562500,0.0156199000
123,0.480468750,0.0153316890
124,0.484375000,0.0158146550
125,0.488281250,0.0153234720
126,0.492187500,0.0159327020
127,0.496093750,0.0153198010
128,0.500000000,0.0159722790
